0.0 0.0 2.0 0.0 0.0 2.0 0.0 0.0 0 1
0.0 0.0 2.0 1.0 0.0 2.0 1.0 0.0 0 1
0.0 0.0 2.0 0.0 0.0 2.0 1.0 0.0 0 1
0.0 0.0 2.0 1.0 0.0 2.0 2.0 0.0 0 1
0.0 0.0 2.0 0.0 0.0 3.0 1.0 0.0 0 1
0.0 0.0 2.0 1.0 0.0 3.0 2.0 0.0 0 1
0.0 0.0 3.0 2.0 0.0 2.0 1.0 0.0 0 1
0.0 0.0 2.0 1.0 0.0 1.0 2.0 0.0 0 1
0.0 0.0 2.0 0.0 0.0 2.0 0.0 0.0 0 1
0.0 0.0 4.0 0.0 0.0 3.0 1.0 0.0 1 1
0.0 1.0 2.0 0.0 0.0 2.0 0.0 0.0 0 1
0.0 1.0 1.0 2.0 0.0 1.0 1.0 0.0 0 2
0.0 1.0 1.0 1.0 0.0 1.0 2.0 0.0 0 1
0.0 1.0 1.0 1.0 0.0 1.0 1.0 0.0 0 3
0.0 1.0 0.0 1.0 0.0 1.0 0.0 0.0 0 1
0.0 1.0 0.0 2.0 0.0 1.0 1.0 0.0 0 1
0.0 1.0 2.0 2.0 0.0 3.0 1.0 0.0 0 1
0.0 1.0 3.0 0.0 0.0 4.0 0.0 0.0 0 1
0.0 1.0 1.0 1.0 0.0 2.0 2.0 0.0 0 1
0.0 1.0 0.0 1.0 0.0 1.0 1.0 0.0 0 1
0.0 1.0 2.0 1.0 0.0 1.0 1.0 0.0 0 1
0.0 1.0 1.0 2.0 0.0 0.0 1.0 0.0 0 1
0.0 1.0 2.0 0.0 0.0 1.0 1.0 0.0 0 1
0.0 1.0 2.0 0.0 0.0 1.0 0.0 0.0 0 3
0.0 1.0 1.0 1.0 0.0 0.0 2.0 0.0 0 1
0.0 1.0 2.0 1.0 0.0 1.0 2.0 0.0 0 10
0.0 1.0 1.0 0.0 0.0 1.0 0.0 0.0 0 2
0.0 1.0 1.0 1.0 0.0 1.0 0.0 0.0 0 1
0.0 1.0 2.0 1.0 0.0 2.0 1.0 0.0 0 1
0.0 1.0 1.0 1.0 0.0 1.0 1.0 0.0 0 24
0.0 1.0 0.0 2.0 0.0 0.0 1.0 0.0 0 1
0.0 1.0 1.0 1.0 0.0 1.0 2.0 0.0 0 1
0.0 1.0 2.0 1.0 0.0 2.0 1.0 0.0 1 1
0.0 1.0 2.0 1.0 0.0 3.0 1.0 0.0 1 1
0.0 1.0 2.0 1.0 0.0 1.0 2.0 0.0 1 1
0.0 1.0 4.0 1.0 0.0 3.0 2.0 0.0 1 1
0.0 1.0 0.0 1.0 0.0 0.0 1.0 0.0 1 1
0.0 1.0 2.0 1.0 0.0 2.0 1.0 0.0 1 1
0.0 1.0 1.0 1.0 0.0 1.0 1.0 0.0 1 2
0.0 1.0 0.0 0.0 0.0 0.0 0.0 0.0 1 1
0.0 1.0 2.0 0.0 0.0 2.0 0.0 0.0 1 1
0.0 1.0 2.0 1.0 0.0 2.0 2.0 0.0 1 1
0.0 1.0 2.0 1.0 1.0 2.0 0.0 0.0 0 1
0.0 1.0 0.0 0.0 1.0 0.0 0.0 0.0 0 1
0.0 1.0 2.0 1.0 1.0 2.0 2.0 0.0 0 1
0.0 1.0 1.0 1.0 1.0 1.0 1.0 0.0 0 1
0.0 1.0 1.0 0.0 1.0 2.0 0.0 0.0 0 1
0.0 1.0 0.0 1.0 1.0 1.0 0.0 0.0 0 1
0.0 1.0 1.0 1.0 1.0 2.0 1.0 0.0 0 2
0.0 1.0 1.0 2.0 1.0 2.0 1.0 0.0 0 1
0.0 1.0 1.0 1.0 1.0 1.0 1.0 0.0 0 2
0.0 1.0 1.0 1.0 1.0 1.0 0.0 0.0 1 1
0.0 2.0 2.0 0.0 1.0 2.0 0.0 0.0 0 1
0.0 2.0 3.0 1.0 1.0 3.0 1.0 0.0 0 1
0.0 2.0 2.0 0.0 1.0 2.0 1.0 0.0 0 1
0.0 2.0 1.0 1.0 1.0 1.0 2.0 0.0 0 1
0.0 2.0 1.0 0.0 1.0 2.0 0.0 0.0 0 1
0.0 2.0 1.0 1.0 1.0 2.0 1.0 0.0 0 1
0.0 2.0 2.0 1.0 1.0 3.0 2.0 0.0 0 1
0.0 2.0 3.0 2.0 1.0 2.0 1.0 0.0 0 1
0.0 2.0 1.0 0.0 1.0 0.0 1.0 0.0 0 1
0.0 2.0 1.0 1.0 1.0 1.0 1.0 0.0 0 1
0.0 2.0 3.0 1.0 1.0 3.0 1.0 0.0 0 1
0.0 2.0 3.0 1.0 1.0 3.0 1.0 0.0 1 2
0.0 2.0 1.0 1.0 1.0 1.0 2.0 0.0 1 1
0.0 2.0 2.0 0.0 1.0 3.0 0.0 0.0 1 1
0.0 2.0 0.0 1.0 1.0 1.0 2.0 0.0 1 1
0.0 0.0 1.0 1.0 1.0 2.0 0.0 0.0 0 1
0.0 0.0 1.0 0.0 1.0 1.0 0.0 0.0 1 1
0.0 0.0 0.0 0.0 1.0 1.0 0.0 0.0 1 1
0.0 0.0 1.0 1.0 1.0 1.0 2.0 0.0 1 1
0.0 0.0 0.0 1.0 0.0 0.0 0.0 0.0 0 1
0.0 0.0 2.0 1.0 0.0 2.0 2.0 0.0 0 1
0.0 0.0 1.0 0.0 0.0 2.0 1.0 0.0 0 1
0.0 0.0 1.0 1.0 0.0 2.0 1.0 0.0 0 1
0.0 0.0 1.0 0.0 0.0 0.0 0.0 0.0 0 1
0.0 0.0 2.0 1.0 0.0 1.0 0.0 0.0 0 1
0.0 0.0 1.0 1.0 0.0 0.0 1.0 0.0 0 1
0.0 0.0 1.0 0.0 0.0 0.0 1.0 0.0 0 1
0.0 0.0 2.0 1.0 0.0 1.0 1.0 0.0 0 1
0.0 0.0 1.0 1.0 0.0 1.0 1.0 0.0 0 1
0.0 0.0 1.0 1.0 0.0 1.0 2.0 0.0 0 1
0.0 0.0 3.0 0.0 0.0 3.0 1.0 0.0 1 1
0.0 0.0 1.0 1.0 0.0 1.0 2.0 0.0 1 1
0.0 0.0 2.0 2.0 0.0 3.0 1.0 0.0 1 1
0.0 0.0 2.0 1.0 0.0 1.0 1.0 0.0 1 1
0.0 0.0 4.0 2.0 0.0 3.0 1.0 0.0 1 1
0.0 1.0 3.0 1.0 2.0 4.0 1.0 0.0 0 1
0.0 1.0 1.0 1.0 2.0 2.0 0.0 0.0 1 1
0.0 1.0 1.0 1.0 1.0 1.0 1.0 0.0 0 1
0.0 1.0 0.0 1.0 1.0 0.0 2.0 0.0 0 1
0.0 1.0 2.0 1.0 1.0 2.0 2.0 0.0 0 1
0.0 1.0 2.0 1.0 1.0 3.0 1.0 0.0 0 1
0.0 1.0 1.0 1.0 1.0 0.0 1.0 0.0 0 1
0.0 1.0 4.0 1.0 1.0 3.0 1.0 0.0 0 1
0.0 1.0 0.0 0.0 1.0 1.0 0.0 0.0 1 1
0.0 1.0 1.0 1.0 1.0 1.0 1.0 0.0 1 1
0.0 1.0 2.0 0.0 1.0 2.0 1.0 0.0 1 1
0.0 0.0 2.0 0.0 0.0 2.0 1.0 1.0 0 1
0.0 0.0 2.0 1.0 0.0 3.0 1.0 1.0 0 1
0.0 0.0 3.0 2.0 0.0 4.0 1.0 1.0 0 1
0.0 0.0 4.0 0.0 0.0 3.0 0.0 1.0 0 1
0.0 0.0 1.0 1.0 0.0 1.0 0.0 1.0 0 1
0.0 0.0 3.0 1.0 0.0 3.0 0.0 1.0 1 1
0.0 1.0 1.0 1.0 0.0 1.0 0.0 1.0 0 1
0.0 1.0 3.0 1.0 0.0 4.0 1.0 1.0 0 1
0.0 1.0 2.0 0.0 0.0 1.0 0.0 1.0 0 1
0.0 1.0 3.0 1.0 0.0 3.0 1.0 1.0 0 1
0.0 1.0 1.0 1.0 0.0 2.0 1.0 1.0 1 1
0.0 1.0 0.0 1.0 0.0 1.0 2.0 1.0 1 1
0.0 1.0 0.0 1.0 0.0 0.0 2.0 1.0 1 1
0.0 1.0 2.0 0.0 1.0 1.0 0.0 1.0 0 1
0.0 1.0 3.0 1.0 1.0 3.0 1.0 1.0 1 1
0.0 2.0 0.0 1.0 1.0 1.0 0.0 1.0 0 1
0.0 2.0 0.0 1.0 1.0 1.0 1.0 1.0 0 1
0.0 2.0 4.0 0.0 1.0 3.0 0.0 1.0 0 1
0.0 2.0 1.0 1.0 1.0 1.0 0.0 1.0 1 1
0.0 0.0 1.0 0.0 1.0 1.0 0.0 1.0 1 1
0.0 0.0 3.0 1.0 1.0 4.0 0.0 1.0 1 1
0.0 0.0 1.0 1.0 0.0 2.0 1.0 1.0 0 1
0.0 0.0 2.0 2.0 0.0 1.0 1.0 1.0 0 1
0.0 0.0 1.0 1.0 0.0 1.0 2.0 1.0 0 1
0.0 0.0 1.0 0.0 0.0 0.0 0.0 1.0 1 1
0.0 1.0 0.0 0.0 2.0 0.0 0.0 1.0 0 1
0.0 1.0 2.0 1.0 2.0 2.0 2.0 1.0 0 1
0.0 1.0 1.0 1.0 2.0 1.0 2.0 1.0 0 1
0.0 1.0 0.0 1.0 2.0 0.0 1.0 1.0 0 1
0.0 1.0 1.0 1.0 2.0 2.0 1.0 1.0 0 1
0.0 1.0 0.0 1.0 2.0 0.0 0.0 1.0 0 1
0.0 1.0 0.0 0.0 2.0 0.0 0.0 1.0 0 1
0.0 1.0 2.0 1.0 2.0 2.0 2.0 1.0 1 1
0.0 1.0 2.0 0.0 2.0 3.0 0.0 1.0 1 1
0.0 1.0 2.0 0.0 2.0 2.0 1.0 1.0 1 1
0.0 1.0 2.0 1.0 1.0 1.0 2.0 1.0 0 1
0.0 1.0 3.0 1.0 1.0 4.0 1.0 1.0 1 1
1.0 0.0 2.0 0.0 0.0 2.0 0.0 0.0 0 1
1.0 0.0 1.0 1.0 0.0 1.0 0.0 0.0 0 1
1.0 0.0 2.0 0.0 0.0 2.0 1.0 0.0 0 1
1.0 0.0 1.0 1.0 0.0 1.0 1.0 0.0 0 1
1.0 0.0 1.0 0.0 0.0 2.0 0.0 0.0 0 1
1.0 0.0 2.0 1.0 0.0 3.0 1.0 0.0 0 1
1.0 0.0 1.0 1.0 0.0 2.0 1.0 0.0 0 2
1.0 0.0 3.0 1.0 0.0 4.0 1.0 0.0 0 1
1.0 0.0 3.0 1.0 0.0 2.0 0.0 0.0 0 1
1.0 0.0 2.0 1.0 0.0 1.0 0.0 0.0 0 1
1.0 0.0 1.0 1.0 0.0 0.0 1.0 0.0 0 1
1.0 0.0 2.0 0.0 0.0 1.0 0.0 0.0 0 1
1.0 0.0 2.0 1.0 0.0 1.0 2.0 0.0 0 3
1.0 0.0 1.0 0.0 0.0 1.0 0.0 0.0 0 1
1.0 0.0 0.0 1.0 0.0 0.0 0.0 0.0 0 1
1.0 0.0 1.0 1.0 0.0 1.0 1.0 0.0 0 6
1.0 0.0 3.0 1.0 0.0 3.0 1.0 0.0 0 1
1.0 0.0 3.0 1.0 0.0 3.0 2.0 0.0 0 1
1.0 0.0 1.0 1.0 0.0 1.0 1.0 0.0 1 1
1.0 0.0 0.0 0.0 0.0 0.0 1.0 0.0 1 1
1.0 0.0 3.0 0.0 0.0 3.0 1.0 0.0 1 1
1.0 0.0 1.0 0.0 0.0 2.0 0.0 0.0 1 1
1.0 0.0 4.0 0.0 0.0 3.0 0.0 0.0 1 1
1.0 0.0 0.0 1.0 0.0 0.0 0.0 0.0 1 1
1.0 0.0 0.0 1.0 0.0 0.0 1.0 0.0 1 1
1.0 0.0 3.0 1.0 0.0 3.0 2.0 0.0 1 1
1.0 1.0 2.0 1.0 0.0 2.0 0.0 0.0 0 1
1.0 1.0 3.0 1.0 0.0 3.0 0.0 0.0 0 1
1.0 1.0 2.0 1.0 0.0 2.0 1.0 0.0 0 1
1.0 1.0 3.0 1.0 0.0 3.0 1.0 0.0 0 1
1.0 1.0 0.0 0.0 0.0 0.0 1.0 0.0 0 2
1.0 1.0 2.0 0.0 0.0 2.0 1.0 0.0 0 3
1.0 1.0 1.0 0.0 0.0 1.0 0.0 0.0 0 1
1.0 1.0 0.0 1.0 0.0 0.0 2.0 0.0 0 1
1.0 1.0 2.0 1.0 0.0 2.0 2.0 0.0 0 3
1.0 1.0 1.0 1.0 0.0 1.0 2.0 0.0 0 2
1.0 1.0 1.0 0.0 0.0 2.0 0.0 0.0 0 1
1.0 1.0 1.0 1.0 0.0 2.0 0.0 0.0 0 1
1.0 1.0 1.0 1.0 0.0 2.0 1.0 0.0 0 1
1.0 1.0 3.0 0.0 0.0 2.0 0.0 0.0 0 1
1.0 1.0 2.0 1.0 0.0 1.0 1.0 0.0 0 1
1.0 1.0 3.0 0.0 0.0 2.0 1.0 0.0 0 1
1.0 1.0 2.0 1.0 0.0 1.0 2.0 0.0 0 1
1.0 1.0 1.0 2.0 0.0 1.0 1.0 0.0 0 1
1.0 1.0 0.0 0.0 0.0 0.0 0.0 0.0 0 1
1.0 1.0 0.0 1.0 0.0 0.0 2.0 0.0 0 1
1.0 1.0 1.0 1.0 0.0 1.0 2.0 0.0 0 1
1.0 1.0 1.0 0.0 0.0 1.0 0.0 0.0 1 1
1.0 1.0 2.0 1.0 0.0 2.0 1.0 0.0 1 1
1.0 1.0 1.0 2.0 0.0 1.0 1.0 0.0 1 1
1.0 1.0 1.0 1.0 0.0 1.0 2.0 0.0 1 1
1.0 1.0 3.0 1.0 0.0 3.0 2.0 0.0 1 1
1.0 1.0 3.0 1.0 0.0 4.0 1.0 0.0 1 1
1.0 1.0 1.0 1.0 0.0 2.0 2.0 0.0 1 1
1.0 1.0 2.0 1.0 0.0 3.0 1.0 0.0 1 1
1.0 1.0 3.0 1.0 0.0 2.0 1.0 0.0 1 1
1.0 1.0 1.0 2.0 0.0 0.0 1.0 0.0 1 1
1.0 1.0 3.0 0.0 0.0 2.0 1.0 0.0 1 1
1.0 1.0 3.0 1.0 0.0 2.0 2.0 0.0 1 1
1.0 1.0 2.0 1.0 0.0 2.0 1.0 0.0 1 1
1.0 1.0 1.0 0.0 1.0 1.0 0.0 0.0 0 1
1.0 1.0 1.0 2.0 1.0 1.0 1.0 0.0 0 1
1.0 1.0 1.0 0.0 1.0 1.0 0.0 0.0 0 3
1.0 1.0 2.0 1.0 1.0 2.0 2.0 0.0 0 3
1.0 1.0 1.0 1.0 1.0 1.0 1.0 0.0 0 20
1.0 1.0 3.0 1.0 1.0 3.0 1.0 0.0 0 1
1.0 1.0 0.0 1.0 1.0 1.0 0.0 0.0 0 7
1.0 1.0 1.0 1.0 1.0 2.0 1.0 0.0 0 2
1.0 1.0 0.0 0.0 1.0 1.0 0.0 0.0 0 1
1.0 1.0 3.0 0.0 1.0 4.0 0.0 0.0 0 1
1.0 1.0 0.0 1.0 1.0 1.0 2.0 0.0 0 1
1.0 1.0 1.0 1.0 1.0 2.0 2.0 0.0 0 1
1.0 1.0 1.0 1.0 1.0 0.0 0.0 0.0 0 1
1.0 1.0 2.0 1.0 1.0 1.0 0.0 0.0 0 1
1.0 1.0 2.0 1.0 1.0 1.0 1.0 0.0 0 2
1.0 1.0 1.0 0.0 1.0 0.0 1.0 0.0 0 1
1.0 1.0 3.0 0.0 1.0 2.0 1.0 0.0 0 1
1.0 1.0 2.0 0.0 1.0 1.0 1.0 0.0 0 2
1.0 1.0 2.0 0.0 1.0 1.0 0.0 0.0 0 7
1.0 1.0 1.0 1.0 1.0 0.0 2.0 0.0 0 2
1.0 1.0 2.0 1.0 1.0 1.0 2.0 0.0 0 34
1.0 1.0 4.0 1.0 1.0 3.0 2.0 0.0 0 4
1.0 1.0 2.0 1.0 1.0 1.0 1.0 0.0 0 1
1.0 1.0 2.0 0.0 1.0 2.0 0.0 0.0 0 2
1.0 1.0 1.0 0.0 1.0 1.0 0.0 0.0 0 12
1.0 1.0 3.0 0.0 1.0 3.0 0.0 0.0 0 1
1.0 1.0 2.0 1.0 1.0 2.0 0.0 0.0 0 1
1.0 1.0 1.0 1.0 1.0 1.0 0.0 0.0 0 2
1.0 1.0 0.0 1.0 1.0 0.0 1.0 0.0 0 3
1.0 1.0 2.0 1.0 1.0 2.0 1.0 0.0 0 1
1.0 1.0 1.0 1.0 1.0 1.0 1.0 0.0 0 68
1.0 1.0 3.0 1.0 1.0 3.0 1.0 0.0 0 6
1.0 1.0 2.0 2.0 1.0 2.0 1.0 0.0 0 1
1.0 1.0 1.0 2.0 1.0 1.0 1.0 0.0 0 2
1.0 1.0 2.0 0.0 1.0 2.0 0.0 0.0 0 1
1.0 1.0 1.0 1.0 1.0 1.0 2.0 0.0 0 3
1.0 1.0 3.0 1.0 1.0 3.0 2.0 0.0 0 1
1.0 1.0 1.0 1.0 1.0 1.0 1.0 0.0 0 1
1.0 1.0 1.0 1.0 1.0 1.0 1.0 0.0 1 1
1.0 1.0 3.0 1.0 1.0 3.0 1.0 0.0 1 2
1.0 1.0 0.0 1.0 1.0 1.0 0.0 0.0 1 1
1.0 1.0 3.0 1.0 1.0 4.0 0.0 0.0 1 1
1.0 1.0 0.0 1.0 1.0 1.0 1.0 0.0 1 1
1.0 1.0 1.0 1.0 1.0 2.0 1.0 0.0 1 1
1.0 1.0 1.0 1.0 1.0 0.0 1.0 0.0 1 1
1.0 1.0 3.0 1.0 1.0 2.0 1.0 0.0 1 1
1.0 1.0 1.0 0.0 1.0 0.0 1.0 0.0 1 1
1.0 1.0 2.0 0.0 1.0 1.0 1.0 0.0 1 1
1.0 1.0 4.0 0.0 1.0 3.0 1.0 0.0 1 1
1.0 1.0 1.0 0.0 1.0 0.0 0.0 0.0 1 1
1.0 1.0 1.0 1.0 1.0 0.0 2.0 0.0 1 1
1.0 1.0 3.0 1.0 1.0 2.0 2.0 0.0 1 2
1.0 1.0 4.0 1.0 1.0 3.0 2.0 0.0 1 2
1.0 1.0 0.0 0.0 1.0 0.0 0.0 0.0 1 1
1.0 1.0 1.0 0.0 1.0 1.0 0.0 0.0 1 1
1.0 1.0 0.0 1.0 1.0 0.0 1.0 0.0 1 2
1.0 1.0 2.0 1.0 1.0 2.0 1.0 0.0 1 2
1.0 1.0 1.0 1.0 1.0 1.0 1.0 0.0 1 1
1.0 1.0 3.0 1.0 1.0 3.0 1.0 0.0 1 2
1.0 1.0 2.0 0.0 1.0 2.0 1.0 0.0 1 1
1.0 1.0 1.0 0.0 1.0 1.0 0.0 0.0 1 1
1.0 1.0 2.0 1.0 1.0 2.0 2.0 0.0 1 1
1.0 1.0 0.0 1.0 1.0 0.0 1.0 0.0 1 1
1.0 1.0 2.0 1.0 1.0 2.0 1.0 0.0 1 1
1.0 2.0 2.0 0.0 1.0 2.0 0.0 0.0 0 1
1.0 2.0 0.0 1.0 1.0 0.0 0.0 0.0 0 1
1.0 2.0 2.0 1.0 1.0 2.0 0.0 0.0 0 3
1.0 2.0 1.0 1.0 1.0 1.0 0.0 0.0 0 1
1.0 2.0 0.0 1.0 1.0 0.0 1.0 0.0 0 1
1.0 2.0 2.0 1.0 1.0 2.0 1.0 0.0 0 3
1.0 2.0 1.0 1.0 1.0 1.0 1.0 0.0 0 1
1.0 2.0 0.0 2.0 1.0 0.0 1.0 0.0 0 1
1.0 2.0 0.0 0.0 1.0 0.0 1.0 0.0 0 1
1.0 2.0 2.0 0.0 1.0 2.0 1.0 0.0 0 18
1.0 2.0 3.0 0.0 1.0 3.0 1.0 0.0 0 5
1.0 2.0 2.0 0.0 1.0 2.0 0.0 0.0 0 6
1.0 2.0 1.0 0.0 1.0 1.0 0.0 0.0 0 1
1.0 2.0 0.0 1.0 1.0 0.0 2.0 0.0 0 4
1.0 2.0 2.0 1.0 1.0 2.0 2.0 0.0 0 55
1.0 2.0 1.0 1.0 1.0 1.0 2.0 0.0 0 4
1.0 2.0 3.0 1.0 1.0 3.0 2.0 0.0 0 11
1.0 2.0 2.0 1.0 1.0 2.0 1.0 0.0 0 1
1.0 2.0 3.0 1.0 1.0 3.0 1.0 0.0 0 2
1.0 2.0 1.0 0.0 1.0 2.0 0.0 0.0 0 7
1.0 2.0 1.0 1.0 1.0 2.0 0.0 0.0 0 2
1.0 2.0 1.0 1.0 1.0 2.0 1.0 0.0 0 57
1.0 2.0 3.0 1.0 1.0 4.0 1.0 0.0 0 4
1.0 2.0 1.0 2.0 1.0 2.0 1.0 0.0 0 2
1.0 2.0 2.0 0.0 1.0 3.0 1.0 0.0 0 1
1.0 2.0 1.0 0.0 1.0 2.0 1.0 0.0 0 2
1.0 2.0 3.0 0.0 1.0 4.0 1.0 0.0 0 1
1.0 2.0 1.0 0.0 1.0 2.0 0.0 0.0 0 3
1.0 2.0 2.0 1.0 1.0 3.0 2.0 0.0 0 1
1.0 2.0 1.0 1.0 1.0 2.0 2.0 0.0 0 2
1.0 2.0 3.0 1.0 1.0 4.0 2.0 0.0 0 2
1.0 2.0 0.0 1.0 1.0 1.0 1.0 0.0 0 1
1.0 2.0 2.0 1.0 1.0 1.0 1.0 0.0 0 3
1.0 2.0 3.0 2.0 1.0 2.0 1.0 0.0 0 1
1.0 2.0 2.0 2.0 1.0 1.0 1.0 0.0 0 1
1.0 2.0 3.0 0.0 1.0 2.0 1.0 0.0 0 1
1.0 2.0 1.0 0.0 1.0 0.0 0.0 0.0 0 1
1.0 2.0 3.0 0.0 1.0 2.0 0.0 0.0 0 2
1.0 2.0 1.0 1.0 1.0 0.0 2.0 0.0 0 3
1.0 2.0 3.0 1.0 1.0 2.0 2.0 0.0 0 1
1.0 2.0 2.0 1.0 1.0 1.0 2.0 0.0 0 2
1.0 2.0 3.0 1.0 1.0 2.0 1.0 0.0 0 2
1.0 2.0 0.0 1.0 1.0 0.0 0.0 0.0 0 1
1.0 2.0 2.0 1.0 1.0 2.0 0.0 0.0 0 2
1.0 2.0 2.0 1.0 1.0 2.0 1.0 0.0 0 1
1.0 2.0 1.0 1.0 1.0 1.0 1.0 0.0 0 3
1.0 2.0 3.0 1.0 1.0 3.0 1.0 0.0 0 4
1.0 2.0 1.0 0.0 1.0 1.0 1.0 0.0 0 2
1.0 2.0 2.0 0.0 1.0 2.0 0.0 0.0 0 2
1.0 2.0 1.0 1.0 1.0 1.0 2.0 0.0 0 2
1.0 2.0 3.0 1.0 1.0 3.0 2.0 0.0 0 1
1.0 2.0 1.0 1.0 1.0 1.0 1.0 0.0 1 1
1.0 2.0 1.0 2.0 1.0 1.0 1.0 0.0 1 1
1.0 2.0 0.0 0.0 1.0 0.0 1.0 0.0 1 3
1.0 2.0 3.0 0.0 1.0 3.0 1.0 0.0 1 1
1.0 2.0 0.0 1.0 1.0 0.0 2.0 0.0 1 2
1.0 2.0 2.0 1.0 1.0 2.0 2.0 0.0 1 5
1.0 2.0 1.0 1.0 1.0 1.0 2.0 0.0 1 6
1.0 2.0 3.0 1.0 1.0 3.0 2.0 0.0 1 4
1.0 2.0 0.0 1.0 1.0 0.0 1.0 0.0 1 1
1.0 2.0 0.0 0.0 1.0 1.0 0.0 0.0 1 3
1.0 2.0 2.0 0.0 1.0 3.0 0.0 0.0 1 2
1.0 2.0 3.0 0.0 1.0 4.0 0.0 0.0 1 1
1.0 2.0 0.0 1.0 1.0 1.0 1.0 0.0 1 4
1.0 2.0 2.0 1.0 1.0 3.0 1.0 0.0 1 3
1.0 2.0 1.0 1.0 1.0 2.0 1.0 0.0 1 1
1.0 2.0 3.0 1.0 1.0 4.0 1.0 0.0 1 2
1.0 2.0 1.0 2.0 1.0 2.0 1.0 0.0 1 1
1.0 2.0 2.0 1.0 1.0 3.0 2.0 0.0 1 3
1.0 2.0 1.0 1.0 1.0 2.0 2.0 0.0 1 1
1.0 2.0 3.0 0.0 1.0 2.0 0.0 0.0 1 1
1.0 2.0 2.0 0.0 1.0 1.0 0.0 0.0 1 2
1.0 2.0 4.0 0.0 1.0 3.0 0.0 0.0 1 1
1.0 2.0 3.0 1.0 1.0 2.0 1.0 0.0 1 1
1.0 2.0 4.0 1.0 1.0 3.0 1.0 0.0 1 1
1.0 2.0 3.0 1.0 1.0 2.0 2.0 0.0 1 2
1.0 2.0 1.0 1.0 1.0 0.0 1.0 0.0 1 1
1.0 2.0 4.0 1.0 1.0 3.0 1.0 0.0 1 1
1.0 2.0 2.0 1.0 1.0 2.0 1.0 0.0 1 1
1.0 2.0 3.0 2.0 1.0 3.0 1.0 0.0 1 1
1.0 2.0 1.0 0.0 1.0 1.0 1.0 0.0 1 1
1.0 2.0 0.0 1.0 1.0 0.0 2.0 0.0 1 1
1.0 2.0 0.0 1.0 1.0 0.0 1.0 0.0 1 1
1.0 2.0 2.0 1.0 1.0 2.0 1.0 0.0 1 1
1.0 2.0 1.0 1.0 1.0 1.0 1.0 0.0 1 1
1.0 0.0 0.0 1.0 1.0 0.0 0.0 0.0 0 3
1.0 0.0 3.0 1.0 1.0 3.0 0.0 0.0 0 1
1.0 0.0 2.0 0.0 1.0 2.0 1.0 0.0 0 1
1.0 0.0 1.0 0.0 1.0 0.0 0.0 0.0 0 2
1.0 0.0 1.0 1.0 1.0 0.0 1.0 0.0 0 8
1.0 0.0 1.0 0.0 1.0 1.0 0.0 0.0 0 1
1.0 0.0 0.0 1.0 1.0 0.0 1.0 0.0 0 1
1.0 0.0 2.0 1.0 1.0 2.0 2.0 0.0 0 2
1.0 0.0 2.0 1.0 1.0 2.0 1.0 0.0 1 1
1.0 0.0 4.0 1.0 1.0 3.0 1.0 0.0 1 1
1.0 0.0 2.0 0.0 1.0 1.0 0.0 0.0 1 1
1.0 0.0 1.0 0.0 0.0 1.0 0.0 0.0 0 1
1.0 0.0 0.0 1.0 0.0 0.0 1.0 0.0 0 1
1.0 0.0 1.0 1.0 0.0 1.0 1.0 0.0 0 3
1.0 0.0 3.0 0.0 0.0 3.0 1.0 0.0 0 1
1.0 0.0 0.0 1.0 0.0 0.0 2.0 0.0 0 1
1.0 0.0 2.0 1.0 0.0 2.0 2.0 0.0 0 2
1.0 0.0 0.0 1.0 0.0 0.0 1.0 0.0 0 1
1.0 0.0 1.0 2.0 0.0 2.0 1.0 0.0 0 1
1.0 0.0 2.0 1.0 0.0 3.0 2.0 0.0 0 1
1.0 0.0 2.0 1.0 0.0 1.0 1.0 0.0 0 1
1.0 0.0 2.0 1.0 0.0 1.0 2.0 0.0 0 1
1.0 0.0 0.0 1.0 0.0 0.0 0.0 0.0 0 1
1.0 0.0 0.0 2.0 0.0 0.0 1.0 0.0 0 1
1.0 0.0 2.0 0.0 0.0 2.0 0.0 0.0 0 1
1.0 0.0 1.0 0.0 0.0 1.0 0.0 0.0 0 1
1.0 0.0 2.0 0.0 0.0 2.0 0.0 0.0 1 1
1.0 0.0 0.0 1.0 0.0 0.0 1.0 0.0 1 2
1.0 0.0 0.0 0.0 0.0 1.0 0.0 0.0 1 1
1.0 0.0 3.0 0.0 0.0 4.0 0.0 0.0 1 1
1.0 0.0 2.0 0.0 0.0 1.0 0.0 0.0 1 1
1.0 0.0 2.0 1.0 0.0 1.0 1.0 0.0 1 1
1.0 0.0 0.0 2.0 0.0 0.0 1.0 0.0 1 1
1.0 0.0 2.0 2.0 0.0 2.0 1.0 0.0 1 1
1.0 1.0 0.0 1.0 2.0 1.0 1.0 0.0 0 1
1.0 1.0 1.0 1.0 2.0 2.0 1.0 0.0 0 1
1.0 1.0 3.0 1.0 2.0 4.0 1.0 0.0 0 1
1.0 1.0 1.0 1.0 2.0 2.0 2.0 0.0 0 1
1.0 1.0 1.0 0.0 2.0 0.0 0.0 0.0 0 1
1.0 1.0 2.0 0.0 2.0 1.0 0.0 0.0 0 1
1.0 1.0 4.0 0.0 2.0 3.0 0.0 0.0 0 1
1.0 1.0 3.0 1.0 2.0 2.0 0.0 0.0 0 1
1.0 1.0 3.0 0.0 2.0 2.0 1.0 0.0 0 1
1.0 1.0 2.0 0.0 2.0 1.0 0.0 0.0 0 1
1.0 1.0 1.0 1.0 2.0 0.0 2.0 0.0 0 1
1.0 1.0 3.0 1.0 2.0 2.0 2.0 0.0 0 1
1.0 1.0 1.0 1.0 2.0 1.0 1.0 0.0 0 4
1.0 1.0 0.0 0.0 2.0 0.0 0.0 0.0 0 1
1.0 1.0 2.0 0.0 2.0 2.0 1.0 0.0 1 1
1.0 1.0 1.0 1.0 2.0 1.0 1.0 0.0 1 1
1.0 1.0 0.0 0.0 1.0 0.0 0.0 0.0 0 1
1.0 1.0 1.0 0.0 1.0 1.0 0.0 0.0 0 3
1.0 1.0 1.0 1.0 1.0 1.0 0.0 0.0 0 2
1.0 1.0 1.0 1.0 1.0 1.0 1.0 0.0 0 25
1.0 1.0 3.0 1.0 1.0 3.0 1.0 0.0 0 1
1.0 1.0 0.0 0.0 1.0 0.0 1.0 0.0 0 1
1.0 1.0 2.0 0.0 1.0 2.0 1.0 0.0 0 1
1.0 1.0 0.0 0.0 1.0 0.0 0.0 0.0 0 1
1.0 1.0 3.0 0.0 1.0 3.0 0.0 0.0 0 1
1.0 1.0 2.0 1.0 1.0 2.0 2.0 0.0 0 1
1.0 1.0 1.0 1.0 1.0 1.0 2.0 0.0 0 1
1.0 1.0 1.0 1.0 1.0 1.0 1.0 0.0 0 1
1.0 1.0 3.0 1.0 1.0 3.0 1.0 0.0 0 1
1.0 1.0 2.0 1.0 1.0 3.0 1.0 0.0 0 1
1.0 1.0 1.0 1.0 1.0 2.0 1.0 0.0 0 1
1.0 1.0 3.0 1.0 1.0 4.0 1.0 0.0 0 1
1.0 1.0 2.0 1.0 1.0 3.0 2.0 0.0 0 1
1.0 1.0 3.0 1.0 1.0 2.0 1.0 0.0 0 1
1.0 1.0 1.0 0.0 1.0 0.0 1.0 0.0 0 1
1.0 1.0 2.0 0.0 1.0 1.0 0.0 0.0 0 1
1.0 1.0 2.0 1.0 1.0 2.0 1.0 0.0 0 2
1.0 1.0 1.0 0.0 1.0 1.0 1.0 0.0 0 1
1.0 1.0 2.0 1.0 1.0 2.0 2.0 0.0 0 1
1.0 1.0 1.0 1.0 1.0 1.0 2.0 0.0 0 1
1.0 1.0 3.0 0.0 1.0 3.0 0.0 0.0 1 1
1.0 1.0 0.0 1.0 1.0 0.0 1.0 0.0 1 1
1.0 1.0 1.0 1.0 1.0 1.0 1.0 0.0 1 1
1.0 1.0 3.0 0.0 1.0 3.0 1.0 0.0 1 1
1.0 1.0 2.0 1.0 1.0 2.0 2.0 0.0 1 1
1.0 1.0 0.0 1.0 1.0 0.0 1.0 0.0 1 1
1.0 1.0 2.0 1.0 1.0 3.0 1.0 0.0 1 1
1.0 1.0 1.0 1.0 1.0 2.0 2.0 0.0 1 1
1.0 1.0 1.0 1.0 1.0 0.0 1.0 0.0 1 1
1.0 1.0 2.0 1.0 1.0 1.0 1.0 0.0 1 1
1.0 1.0 2.0 0.0 1.0 1.0 1.0 0.0 1 1
1.0 1.0 3.0 1.0 1.0 2.0 2.0 0.0 1 1
1.0 1.0 2.0 1.0 1.0 1.0 2.0 0.0 1 1
1.0 1.0 2.0 1.0 1.0 1.0 1.0 0.0 1 1
0.0 0.0 3.0 0.0 0.0 4.0 0.0 0.0 0 1
0.0 0.0 2.0 1.0 0.0 3.0 2.0 0.0 0 1
0.0 0.0 4.0 0.0 0.0 3.0 0.0 0.0 0 1
0.0 0.0 1.0 1.0 0.0 0.0 1.0 0.0 0 1
0.0 0.0 2.0 0.0 0.0 1.0 0.0 0.0 0 1
0.0 0.0 1.0 1.0 0.0 1.0 1.0 0.0 0 1
0.0 0.0 0.0 2.0 0.0 0.0 1.0 0.0 1 1
0.0 0.0 3.0 0.0 0.0 3.0 0.0 0.0 1 1
0.0 0.0 3.0 1.0 0.0 3.0 2.0 0.0 1 1
0.0 0.0 1.0 1.0 0.0 0.0 1.0 0.0 1 1
0.0 1.0 1.0 1.0 0.0 1.0 1.0 0.0 0 5
0.0 1.0 0.0 1.0 0.0 0.0 1.0 0.0 0 1
0.0 1.0 3.0 1.0 0.0 3.0 1.0 0.0 0 1
0.0 1.0 1.0 1.0 0.0 2.0 1.0 0.0 0 1
0.0 1.0 3.0 0.0 0.0 4.0 1.0 0.0 0 1
0.0 1.0 2.0 1.0 0.0 2.0 2.0 0.0 0 1
0.0 1.0 1.0 1.0 0.0 1.0 2.0 0.0 0 1
0.0 1.0 0.0 0.0 0.0 0.0 1.0 0.0 1 1
0.0 1.0 2.0 0.0 0.0 2.0 1.0 0.0 1 1
0.0 1.0 3.0 1.0 0.0 3.0 2.0 0.0 1 1
0.0 1.0 0.0 1.0 0.0 0.0 1.0 0.0 1 1
0.0 1.0 3.0 1.0 0.0 2.0 1.0 0.0 1 1
0.0 1.0 0.0 1.0 1.0 0.0 0.0 0.0 0 1
0.0 1.0 2.0 1.0 1.0 2.0 1.0 0.0 0 1
0.0 1.0 2.0 1.0 1.0 2.0 2.0 0.0 0 1
0.0 1.0 3.0 1.0 1.0 4.0 0.0 0.0 0 1
0.0 1.0 1.0 1.0 1.0 2.0 2.0 0.0 0 1
0.0 1.0 2.0 1.0 1.0 1.0 0.0 0.0 0 1
0.0 1.0 2.0 1.0 1.0 1.0 2.0 0.0 0 2
0.0 1.0 3.0 1.0 1.0 3.0 1.0 0.0 0 1
0.0 1.0 0.0 0.0 1.0 0.0 0.0 0.0 1 1
0.0 1.0 2.0 0.0 1.0 3.0 1.0 0.0 1 1
0.0 2.0 3.0 1.0 1.0 3.0 1.0 0.0 0 1
0.0 2.0 2.0 1.0 1.0 2.0 2.0 0.0 0 1
0.0 2.0 1.0 1.0 1.0 2.0 1.0 0.0 0 1
0.0 2.0 2.0 1.0 1.0 1.0 1.0 0.0 0 1
0.0 2.0 1.0 1.0 1.0 1.0 1.0 0.0 0 1
0.0 2.0 4.0 1.0 1.0 3.0 2.0 0.0 1 1
0.0 0.0 3.0 0.0 1.0 4.0 1.0 0.0 0 1
0.0 0.0 3.0 1.0 1.0 4.0 2.0 0.0 0 1
0.0 0.0 3.0 1.0 1.0 3.0 0.0 0.0 0 1
0.0 0.0 3.0 1.0 1.0 2.0 1.0 0.0 1 1
0.0 0.0 3.0 0.0 1.0 3.0 1.0 0.0 1 1
0.0 0.0 3.0 1.0 0.0 3.0 1.0 0.0 0 1
0.0 0.0 1.0 0.0 0.0 1.0 0.0 0.0 0 1
0.0 0.0 2.0 1.0 0.0 2.0 2.0 0.0 0 1
0.0 0.0 0.0 1.0 0.0 1.0 1.0 0.0 0 1
0.0 0.0 3.0 1.0 0.0 4.0 1.0 0.0 1 1
0.0 0.0 2.0 0.0 0.0 3.0 1.0 0.0 1 1
0.0 0.0 2.0 1.0 0.0 3.0 2.0 0.0 1 1
0.0 0.0 4.0 0.0 0.0 3.0 1.0 0.0 1 1
0.0 0.0 3.0 1.0 0.0 2.0 2.0 0.0 1 1
0.0 1.0 2.0 1.0 2.0 2.0 1.0 0.0 0 1
0.0 1.0 3.0 1.0 2.0 3.0 1.0 0.0 0 1
0.0 1.0 2.0 1.0 2.0 3.0 1.0 0.0 0 1
0.0 1.0 3.0 1.0 2.0 2.0 1.0 0.0 0 1
0.0 1.0 2.0 1.0 2.0 1.0 1.0 0.0 0 1
0.0 1.0 1.0 1.0 2.0 0.0 2.0 0.0 0 1
0.0 1.0 1.0 1.0 2.0 1.0 0.0 0.0 0 1
0.0 1.0 2.0 1.0 2.0 2.0 1.0 0.0 0 1
0.0 1.0 1.0 1.0 2.0 1.0 1.0 0.0 0 1
0.0 1.0 0.0 0.0 2.0 1.0 0.0 0.0 1 1
0.0 1.0 1.0 0.0 1.0 1.0 0.0 0.0 0 1
0.0 1.0 2.0 1.0 1.0 2.0 2.0 0.0 0 1
0.0 1.0 1.0 1.0 1.0 2.0 0.0 0.0 0 1
0.0 1.0 1.0 1.0 1.0 2.0 1.0 0.0 0 2
0.0 1.0 1.0 0.0 1.0 0.0 0.0 0.0 0 1
0.0 1.0 1.0 1.0 1.0 1.0 1.0 0.0 1 1
0.0 1.0 3.0 0.0 1.0 4.0 0.0 0.0 1 1
0.0 1.0 0.0 1.0 1.0 1.0 1.0 0.0 1 1
0.0 1.0 0.0 1.0 1.0 0.0 0.0 0.0 1 1
0.0 1.0 2.0 1.0 1.0 2.0 2.0 0.0 1 1
