0.0 0.0 0.0 0.0 0.0 0.0 0.0 0.0 0 494
0.0 0.0 2.0 0.0 0.0 2.0 0.0 0.0 0 13
0.0 0.0 1.0 0.0 0.0 1.0 0.0 0.0 0 5
0.0 0.0 3.0 0.0 0.0 3.0 0.0 0.0 0 4
0.0 0.0 0.0 1.0 0.0 0.0 0.0 0.0 0 5
0.0 0.0 0.0 1.0 0.0 0.0 1.0 0.0 0 24
0.0 0.0 0.0 2.0 0.0 0.0 1.0 0.0 0 11
0.0 0.0 0.0 0.0 0.0 0.0 1.0 0.0 0 5
0.0 0.0 0.0 1.0 0.0 0.0 2.0 0.0 0 6
0.0 0.0 0.0 1.0 0.0 0.0 1.0 0.0 0 2
0.0 0.0 1.0 1.0 0.0 1.0 1.0 0.0 0 1
0.0 0.0 0.0 0.0 0.0 1.0 0.0 0.0 0 1
0.0 0.0 2.0 0.0 0.0 3.0 0.0 0.0 0 1
0.0 0.0 2.0 0.0 0.0 3.0 1.0 0.0 0 4
0.0 0.0 2.0 0.0 0.0 3.0 0.0 0.0 0 1
0.0 0.0 2.0 1.0 0.0 3.0 2.0 0.0 0 1
0.0 0.0 2.0 1.0 0.0 3.0 1.0 0.0 0 1
0.0 0.0 1.0 0.0 0.0 0.0 0.0 0.0 0 5
0.0 0.0 1.0 1.0 0.0 0.0 0.0 0.0 0 6
0.0 0.0 3.0 1.0 0.0 2.0 0.0 0.0 0 1
0.0 0.0 1.0 1.0 0.0 0.0 1.0 0.0 0 1
0.0 0.0 3.0 1.0 0.0 2.0 1.0 0.0 0 1
0.0 0.0 2.0 1.0 0.0 1.0 1.0 0.0 0 1
0.0 0.0 1.0 2.0 0.0 0.0 1.0 0.0 0 5
0.0 0.0 2.0 2.0 0.0 1.0 1.0 0.0 0 1
0.0 0.0 1.0 0.0 0.0 0.0 1.0 0.0 0 1
0.0 0.0 2.0 1.0 0.0 1.0 1.0 0.0 0 1
0.0 0.0 2.0 0.0 0.0 2.0 0.0 0.0 0 1
0.0 0.0 0.0 1.0 0.0 0.0 2.0 0.0 0 1
0.0 0.0 0.0 0.0 0.0 0.0 0.0 0.0 1 5
0.0 0.0 2.0 0.0 0.0 2.0 0.0 0.0 1 7
0.0 0.0 1.0 0.0 0.0 1.0 0.0 0.0 1 16
0.0 0.0 3.0 0.0 0.0 3.0 0.0 0.0 1 23
0.0 0.0 0.0 1.0 0.0 0.0 1.0 0.0 1 1
0.0 0.0 1.0 1.0 0.0 1.0 1.0 0.0 1 1
0.0 0.0 3.0 1.0 0.0 3.0 1.0 0.0 1 1
0.0 0.0 0.0 2.0 0.0 0.0 1.0 0.0 1 1
0.0 0.0 2.0 2.0 0.0 2.0 1.0 0.0 1 1
0.0 0.0 1.0 2.0 0.0 1.0 1.0 0.0 1 1
0.0 0.0 3.0 2.0 0.0 3.0 1.0 0.0 1 1
0.0 0.0 1.0 1.0 0.0 1.0 1.0 0.0 1 1
0.0 0.0 0.0 1.0 0.0 1.0 0.0 0.0 1 2
0.0 0.0 3.0 1.0 0.0 4.0 1.0 0.0 1 1
0.0 0.0 1.0 0.0 0.0 0.0 0.0 0.0 1 1
0.0 0.0 2.0 0.0 0.0 1.0 0.0 0.0 1 1
0.0 0.0 1.0 1.0 0.0 0.0 0.0 0.0 1 2
0.0 0.0 3.0 1.0 0.0 2.0 0.0 0.0 1 1
0.0 0.0 4.0 1.0 0.0 3.0 0.0 0.0 1 1
0.0 0.0 1.0 1.0 0.0 0.0 1.0 0.0 1 1
0.0 0.0 1.0 2.0 0.0 0.0 1.0 0.0 1 2
0.0 0.0 4.0 2.0 0.0 3.0 1.0 0.0 1 1
0.0 0.0 4.0 0.0 0.0 3.0 1.0 0.0 1 1
0.0 0.0 2.0 1.0 0.0 1.0 1.0 0.0 1 1
0.0 0.0 0.0 2.0 0.0 0.0 1.0 0.0 1 1
0.0 0.0 3.0 2.0 0.0 3.0 1.0 0.0 1 1
0.0 1.0 0.0 0.0 0.0 0.0 0.0 0.0 0 3
0.0 1.0 0.0 2.0 0.0 0.0 1.0 0.0 0 1
0.0 1.0 0.0 0.0 0.0 1.0 0.0 0.0 0 2
0.0 1.0 2.0 0.0 0.0 3.0 0.0 0.0 0 1
0.0 1.0 0.0 1.0 0.0 1.0 1.0 0.0 0 3
0.0 1.0 1.0 0.0 0.0 0.0 0.0 0.0 0 1
0.0 1.0 3.0 0.0 0.0 2.0 0.0 0.0 0 1
0.0 1.0 2.0 0.0 0.0 2.0 0.0 0.0 0 1
0.0 1.0 0.0 1.0 0.0 0.0 0.0 0.0 0 1
0.0 1.0 0.0 1.0 0.0 0.0 1.0 0.0 0 1
0.0 1.0 0.0 2.0 0.0 0.0 1.0 0.0 0 1
0.0 1.0 0.0 0.0 0.0 0.0 0.0 0.0 1 1
0.0 1.0 2.0 0.0 0.0 2.0 0.0 0.0 1 1
0.0 1.0 1.0 0.0 0.0 1.0 0.0 0.0 1 1
0.0 1.0 0.0 1.0 0.0 0.0 0.0 0.0 1 1
0.0 1.0 3.0 2.0 0.0 3.0 1.0 0.0 1 1
0.0 1.0 1.0 1.0 0.0 2.0 1.0 0.0 1 1
0.0 1.0 3.0 1.0 0.0 4.0 1.0 0.0 1 1
0.0 1.0 3.0 0.0 0.0 2.0 0.0 0.0 1 1
0.0 1.0 2.0 0.0 0.0 1.0 0.0 0.0 1 1
0.0 1.0 3.0 1.0 0.0 2.0 1.0 0.0 1 1
0.0 1.0 3.0 2.0 0.0 2.0 1.0 0.0 1 2
0.0 1.0 2.0 2.0 0.0 1.0 1.0 0.0 1 2
0.0 1.0 3.0 1.0 0.0 2.0 2.0 0.0 1 1
0.0 1.0 2.0 1.0 0.0 2.0 0.0 0.0 1 1
0.0 1.0 3.0 1.0 0.0 3.0 0.0 0.0 1 1
0.0 1.0 0.0 2.0 0.0 0.0 1.0 0.0 1 1
0.0 1.0 0.0 0.0 1.0 0.0 0.0 0.0 0 21
0.0 1.0 2.0 0.0 1.0 2.0 0.0 0.0 0 1
0.0 1.0 0.0 1.0 1.0 0.0 1.0 0.0 0 1
0.0 1.0 0.0 2.0 1.0 0.0 1.0 0.0 0 2
0.0 1.0 0.0 0.0 1.0 0.0 1.0 0.0 0 1
0.0 1.0 0.0 1.0 1.0 1.0 1.0 0.0 0 2
0.0 1.0 0.0 2.0 1.0 1.0 1.0 0.0 0 1
0.0 1.0 2.0 0.0 1.0 3.0 0.0 0.0 0 1
0.0 1.0 3.0 0.0 1.0 2.0 0.0 0.0 0 1
0.0 1.0 3.0 1.0 1.0 2.0 2.0 0.0 0 1
0.0 1.0 0.0 0.0 1.0 0.0 0.0 0.0 0 1
0.0 1.0 0.0 2.0 1.0 0.0 1.0 0.0 0 1
0.0 1.0 2.0 1.0 1.0 2.0 1.0 0.0 0 1
0.0 1.0 1.0 0.0 1.0 1.0 0.0 0.0 1 2
0.0 1.0 3.0 0.0 1.0 3.0 0.0 0.0 1 1
0.0 1.0 1.0 1.0 1.0 1.0 1.0 0.0 1 1
0.0 1.0 0.0 0.0 1.0 1.0 0.0 0.0 1 1
0.0 1.0 3.0 0.0 1.0 4.0 0.0 0.0 1 1
0.0 1.0 0.0 1.0 1.0 1.0 1.0 0.0 1 1
0.0 1.0 1.0 2.0 1.0 2.0 1.0 0.0 1 2
0.0 1.0 1.0 2.0 1.0 0.0 1.0 0.0 1 2
0.0 1.0 4.0 0.0 1.0 3.0 1.0 0.0 1 1
0.0 1.0 3.0 1.0 1.0 2.0 1.0 0.0 1 1
0.0 1.0 3.0 0.0 1.0 3.0 0.0 0.0 1 1
0.0 2.0 0.0 0.0 1.0 0.0 0.0 0.0 0 7
0.0 2.0 0.0 1.0 1.0 0.0 1.0 0.0 0 1
0.0 2.0 0.0 2.0 1.0 0.0 1.0 0.0 0 1
0.0 2.0 0.0 0.0 1.0 1.0 0.0 0.0 0 1
0.0 2.0 2.0 0.0 1.0 3.0 0.0 0.0 0 1
0.0 2.0 2.0 1.0 1.0 3.0 2.0 0.0 0 1
0.0 2.0 1.0 0.0 1.0 0.0 0.0 0.0 0 1
0.0 2.0 4.0 1.0 1.0 3.0 0.0 0.0 0 1
0.0 2.0 3.0 1.0 1.0 2.0 1.0 0.0 0 1
0.0 2.0 2.0 0.0 1.0 2.0 0.0 0.0 1 3
0.0 2.0 0.0 2.0 1.0 0.0 1.0 0.0 1 1
0.0 2.0 0.0 1.0 1.0 1.0 0.0 0.0 1 1
0.0 2.0 3.0 1.0 1.0 4.0 1.0 0.0 1 1
0.0 2.0 4.0 0.0 1.0 3.0 0.0 0.0 1 1
0.0 2.0 1.0 1.0 1.0 0.0 1.0 0.0 1 1
0.0 2.0 3.0 1.0 1.0 2.0 1.0 0.0 1 1
0.0 2.0 2.0 2.0 1.0 1.0 1.0 0.0 1 1
0.0 2.0 3.0 0.0 1.0 2.0 1.0 0.0 1 1
0.0 2.0 2.0 0.0 1.0 1.0 1.0 0.0 1 1
0.0 2.0 1.0 0.0 1.0 0.0 0.0 0.0 1 1
0.0 2.0 1.0 1.0 1.0 0.0 2.0 0.0 1 1
0.0 2.0 0.0 1.0 1.0 0.0 1.0 0.0 1 1
0.0 2.0 0.0 2.0 1.0 0.0 1.0 0.0 1 1
0.0 2.0 2.0 2.0 1.0 2.0 1.0 0.0 1 1
0.0 2.0 0.0 1.0 1.0 0.0 1.0 0.0 1 1
0.0 0.0 0.0 0.0 1.0 0.0 0.0 0.0 0 8
0.0 0.0 0.0 2.0 1.0 0.0 1.0 0.0 0 1
0.0 0.0 2.0 0.0 1.0 2.0 1.0 0.0 0 1
0.0 0.0 0.0 0.0 1.0 1.0 0.0 0.0 0 2
0.0 0.0 0.0 1.0 1.0 1.0 1.0 0.0 0 1
0.0 0.0 2.0 1.0 1.0 3.0 2.0 0.0 0 1
0.0 0.0 3.0 1.0 1.0 2.0 2.0 0.0 0 1
0.0 0.0 2.0 1.0 1.0 2.0 2.0 0.0 0 1
0.0 0.0 1.0 0.0 1.0 1.0 0.0 0.0 1 1
0.0 0.0 3.0 0.0 1.0 3.0 0.0 0.0 1 1
0.0 0.0 0.0 1.0 1.0 0.0 0.0 0.0 1 1
0.0 0.0 1.0 1.0 1.0 1.0 2.0 0.0 1 1
0.0 0.0 3.0 0.0 1.0 4.0 0.0 0.0 1 1
0.0 0.0 3.0 1.0 1.0 4.0 1.0 0.0 1 1
0.0 0.0 1.0 0.0 1.0 0.0 0.0 0.0 1 1
0.0 0.0 3.0 1.0 1.0 2.0 1.0 0.0 1 1
0.0 0.0 3.0 2.0 1.0 3.0 1.0 0.0 1 1
0.0 0.0 0.0 0.0 0.0 0.0 0.0 0.0 0 4
0.0 0.0 2.0 1.0 0.0 2.0 2.0 0.0 0 1
0.0 0.0 0.0 1.0 0.0 1.0 1.0 0.0 0 3
0.0 0.0 3.0 1.0 0.0 2.0 0.0 0.0 0 1
0.0 0.0 0.0 1.0 0.0 1.0 1.0 0.0 1 1
0.0 0.0 0.0 1.0 0.0 0.0 1.0 0.0 1 1
0.0 1.0 0.0 0.0 2.0 0.0 0.0 0.0 0 4
0.0 1.0 1.0 0.0 2.0 1.0 1.0 0.0 0 1
0.0 1.0 0.0 0.0 2.0 1.0 0.0 0.0 0 1
0.0 1.0 2.0 0.0 2.0 3.0 0.0 0.0 0 1
0.0 1.0 0.0 1.0 2.0 1.0 1.0 0.0 0 2
0.0 1.0 3.0 1.0 2.0 2.0 1.0 0.0 0 1
0.0 1.0 1.0 1.0 2.0 0.0 1.0 0.0 0 1
0.0 1.0 1.0 0.0 2.0 1.0 0.0 0.0 0 1
0.0 1.0 2.0 1.0 2.0 2.0 2.0 0.0 0 1
0.0 1.0 2.0 0.0 2.0 2.0 0.0 0.0 1 1
0.0 1.0 1.0 2.0 2.0 1.0 1.0 0.0 1 1
0.0 1.0 1.0 1.0 2.0 2.0 1.0 0.0 1 1
0.0 1.0 1.0 2.0 2.0 0.0 1.0 0.0 1 2
0.0 1.0 0.0 0.0 1.0 0.0 0.0 0.0 0 5
0.0 1.0 0.0 1.0 1.0 1.0 1.0 0.0 0 1
0.0 1.0 3.0 1.0 1.0 2.0 0.0 0.0 0 1
0.0 1.0 4.0 1.0 1.0 3.0 1.0 0.0 0 1
0.0 1.0 0.0 2.0 1.0 0.0 1.0 0.0 0 1
0.0 1.0 0.0 0.0 1.0 0.0 0.0 0.0 1 1
0.0 1.0 4.0 1.0 1.0 3.0 2.0 0.0 1 1
0.0 1.0 2.0 1.0 1.0 1.0 1.0 0.0 1 1
0.0 1.0 0.0 1.0 1.0 0.0 1.0 0.0 1 1
0.0 1.0 0.0 2.0 1.0 0.0 1.0 0.0 1 1
0.0 0.0 0.0 0.0 0.0 1.0 0.0 1.0 0 2
0.0 0.0 1.0 1.0 0.0 0.0 0.0 1.0 0 1
0.0 0.0 2.0 1.0 0.0 2.0 1.0 1.0 0 1
0.0 0.0 3.0 2.0 0.0 3.0 1.0 1.0 0 1
0.0 0.0 3.0 1.0 0.0 2.0 0.0 1.0 1 1
0.0 1.0 0.0 0.0 0.0 0.0 0.0 1.0 0 1
0.0 1.0 1.0 2.0 0.0 1.0 1.0 1.0 0 1
0.0 1.0 2.0 1.0 0.0 3.0 1.0 1.0 0 1
0.0 1.0 0.0 0.0 1.0 0.0 0.0 1.0 0 3
0.0 1.0 0.0 1.0 1.0 0.0 1.0 1.0 0 1
0.0 1.0 2.0 1.0 1.0 2.0 1.0 1.0 1 1
0.0 2.0 0.0 0.0 1.0 1.0 0.0 1.0 0 1
0.0 2.0 0.0 1.0 1.0 1.0 1.0 1.0 0 1
0.0 2.0 3.0 1.0 1.0 2.0 2.0 1.0 0 1
0.0 2.0 0.0 1.0 1.0 0.0 0.0 1.0 0 1
0.0 2.0 1.0 1.0 1.0 1.0 2.0 1.0 1 1
0.0 0.0 0.0 0.0 1.0 0.0 0.0 1.0 0 5
0.0 0.0 0.0 1.0 1.0 1.0 0.0 1.0 0 1
0.0 0.0 2.0 0.0 0.0 2.0 0.0 1.0 0 1
0.0 0.0 2.0 1.0 0.0 2.0 0.0 1.0 0 1
0.0 1.0 0.0 0.0 2.0 0.0 0.0 1.0 0 2
0.0 1.0 0.0 1.0 1.0 1.0 1.0 1.0 0 1
0.0 1.0 2.0 2.0 1.0 1.0 1.0 1.0 0 1
0.0 1.0 3.0 1.0 1.0 3.0 1.0 1.0 1 1
1.0 0.0 0.0 0.0 0.0 0.0 0.0 0.0 0 2
1.0 0.0 0.0 1.0 0.0 0.0 1.0 0.0 0 1
1.0 0.0 0.0 1.0 0.0 1.0 1.0 0.0 0 1
1.0 0.0 1.0 2.0 0.0 0.0 1.0 0.0 0 1
1.0 0.0 0.0 0.0 0.0 0.0 0.0 0.0 0 1
1.0 0.0 0.0 0.0 0.0 0.0 0.0 0.0 1 1
1.0 0.0 1.0 2.0 0.0 1.0 1.0 0.0 1 1
1.0 1.0 0.0 0.0 0.0 0.0 0.0 0.0 0 2
1.0 1.0 0.0 1.0 0.0 1.0 1.0 0.0 0 1
1.0 1.0 0.0 0.0 0.0 1.0 0.0 0.0 0 1
1.0 1.0 2.0 0.0 0.0 3.0 0.0 0.0 0 1
1.0 1.0 1.0 1.0 0.0 0.0 0.0 0.0 0 1
1.0 1.0 3.0 1.0 0.0 2.0 1.0 0.0 0 1
1.0 1.0 0.0 1.0 0.0 0.0 1.0 0.0 1 1
1.0 1.0 1.0 2.0 0.0 1.0 1.0 0.0 1 1
1.0 1.0 0.0 0.0 1.0 0.0 0.0 0.0 0 2
1.0 1.0 0.0 1.0 1.0 1.0 1.0 0.0 0 3
1.0 1.0 0.0 1.0 1.0 1.0 1.0 0.0 0 1
1.0 1.0 1.0 2.0 1.0 0.0 1.0 0.0 0 1
1.0 1.0 3.0 2.0 1.0 3.0 1.0 0.0 0 1
1.0 1.0 2.0 0.0 1.0 2.0 0.0 0.0 1 1
1.0 1.0 1.0 0.0 1.0 1.0 0.0 0.0 1 1
1.0 1.0 3.0 1.0 1.0 3.0 1.0 0.0 1 1
1.0 1.0 1.0 1.0 1.0 2.0 1.0 0.0 1 1
1.0 1.0 0.0 0.0 1.0 0.0 0.0 0.0 1 1
1.0 2.0 0.0 0.0 1.0 0.0 0.0 0.0 0 3
1.0 2.0 0.0 1.0 1.0 1.0 1.0 0.0 0 1
1.0 2.0 1.0 1.0 1.0 2.0 1.0 0.0 0 1
1.0 2.0 1.0 1.0 1.0 0.0 1.0 0.0 0 1
1.0 2.0 1.0 0.0 1.0 1.0 0.0 0.0 1 1
1.0 2.0 2.0 1.0 1.0 3.0 1.0 0.0 1 1
1.0 2.0 4.0 1.0 1.0 3.0 2.0 0.0 1 1
1.0 0.0 0.0 0.0 1.0 0.0 0.0 0.0 0 5
1.0 0.0 2.0 0.0 1.0 3.0 0.0 0.0 0 1
1.0 0.0 0.0 1.0 1.0 1.0 1.0 0.0 0 2
1.0 0.0 2.0 1.0 1.0 3.0 1.0 0.0 0 1
1.0 0.0 1.0 2.0 1.0 0.0 1.0 0.0 0 1
1.0 0.0 2.0 1.0 1.0 2.0 0.0 0.0 1 1
1.0 0.0 1.0 1.0 1.0 2.0 2.0 0.0 1 1
1.0 0.0 0.0 0.0 0.0 0.0 0.0 0.0 0 3
1.0 0.0 0.0 0.0 0.0 1.0 0.0 0.0 0 1
1.0 0.0 0.0 1.0 0.0 1.0 1.0 0.0 0 2
1.0 0.0 2.0 2.0 0.0 3.0 1.0 0.0 0 1
1.0 0.0 0.0 1.0 0.0 0.0 0.0 0.0 0 1
1.0 0.0 1.0 0.0 0.0 1.0 0.0 0.0 0 1
1.0 0.0 2.0 1.0 0.0 1.0 1.0 0.0 1 1
1.0 1.0 0.0 0.0 2.0 0.0 0.0 0.0 0 3
1.0 1.0 1.0 0.0 2.0 1.0 0.0 0.0 0 1
1.0 1.0 0.0 1.0 2.0 0.0 1.0 0.0 0 1
1.0 1.0 0.0 0.0 2.0 0.0 1.0 0.0 0 1
1.0 1.0 2.0 2.0 2.0 2.0 1.0 0.0 0 1
1.0 1.0 3.0 0.0 2.0 3.0 0.0 0.0 1 1
1.0 1.0 0.0 0.0 2.0 1.0 0.0 0.0 1 2
1.0 1.0 4.0 0.0 2.0 3.0 1.0 0.0 1 1
1.0 1.0 0.0 0.0 2.0 0.0 0.0 0.0 1 1
1.0 1.0 1.0 1.0 2.0 1.0 1.0 0.0 1 1
1.0 1.0 1.0 2.0 2.0 1.0 1.0 0.0 1 2
1.0 1.0 0.0 0.0 1.0 0.0 0.0 0.0 0 3
1.0 1.0 0.0 0.0 1.0 1.0 0.0 0.0 0 1
1.0 1.0 2.0 1.0 1.0 3.0 0.0 0.0 0 1
1.0 1.0 2.0 2.0 1.0 3.0 1.0 0.0 0 1
1.0 1.0 2.0 0.0 1.0 3.0 1.0 0.0 0 1
1.0 1.0 2.0 1.0 1.0 3.0 2.0 0.0 0 3
1.0 1.0 3.0 1.0 1.0 2.0 0.0 0.0 0 1
1.0 1.0 1.0 0.0 1.0 1.0 0.0 0.0 1 1
1.0 1.0 1.0 0.0 1.0 2.0 0.0 0.0 1 1
1.0 1.0 2.0 2.0 1.0 2.0 1.0 0.0 1 1
1.0 1.0 3.0 0.0 1.0 3.0 1.0 0.0 1 1
0.0 1.0 0.0 0.0 1.0 0.0 0.0 0.0 0 3
0.0 2.0 1.0 2.0 1.0 0.0 1.0 0.0 0 1
0.0 0.0 0.0 0.0 1.0 0.0 0.0 0.0 0 4
0.0 0.0 0.0 1.0 1.0 1.0 1.0 0.0 0 1
0.0 0.0 0.0 1.0 0.0 1.0 1.0 0.0 0 1
0.0 0.0 0.0 1.0 0.0 1.0 0.0 0.0 1 1
0.0 1.0 0.0 0.0 2.0 0.0 0.0 0.0 0 1
0.0 1.0 1.0 1.0 1.0 1.0 2.0 0.0 0 1
