0.0 0.0 1.0 1.0 0.0 1.0 1.0 0.0 0 1
0.0 0.0 2.0 0.0 0.0 2.0 1.0 0.0 0 1
0.0 0.0 3.0 0.0 0.0 3.0 1.0 0.0 0 1
0.0 0.0 3.0 0.0 0.0 3.0 0.0 0.0 0 1
0.0 0.0 2.0 1.0 0.0 2.0 2.0 0.0 0 1
0.0 0.0 3.0 1.0 0.0 3.0 2.0 0.0 0 1
0.0 0.0 3.0 1.0 0.0 4.0 2.0 0.0 0 1
0.0 0.0 2.0 1.0 0.0 1.0 2.0 0.0 0 1
0.0 0.0 1.0 1.0 0.0 1.0 0.0 0.0 0 1
0.0 0.0 1.0 1.0 0.0 1.0 1.0 0.0 0 1
0.0 0.0 3.0 1.0 0.0 3.0 1.0 0.0 0 1
0.0 0.0 3.0 1.0 0.0 4.0 1.0 0.0 1 1
0.0 0.0 2.0 0.0 0.0 1.0 0.0 0.0 1 1
0.0 0.0 1.0 2.0 0.0 0.0 1.0 0.0 1 1
0.0 1.0 1.0 2.0 0.0 1.0 1.0 0.0 0 2
0.0 1.0 3.0 0.0 0.0 3.0 1.0 0.0 0 1
0.0 1.0 1.0 0.0 0.0 1.0 0.0 0.0 0 1
0.0 1.0 2.0 1.0 0.0 2.0 2.0 0.0 0 1
0.0 1.0 1.0 1.0 0.0 1.0 1.0 0.0 0 4
0.0 1.0 1.0 0.0 0.0 2.0 0.0 0.0 0 1
0.0 1.0 0.0 1.0 0.0 1.0 0.0 0.0 0 2
0.0 1.0 2.0 0.0 0.0 3.0 1.0 0.0 0 1
0.0 1.0 0.0 1.0 0.0 1.0 1.0 0.0 0 1
0.0 1.0 3.0 0.0 0.0 2.0 0.0 0.0 0 1
0.0 1.0 3.0 1.0 0.0 2.0 2.0 0.0 0 2
0.0 1.0 2.0 1.0 0.0 1.0 2.0 0.0 0 4
0.0 1.0 1.0 1.0 0.0 0.0 1.0 0.0 0 1
0.0 1.0 1.0 0.0 0.0 1.0 0.0 0.0 0 1
0.0 1.0 3.0 0.0 0.0 3.0 0.0 0.0 0 1
0.0 1.0 1.0 1.0 0.0 1.0 0.0 0.0 0 1
0.0 1.0 0.0 1.0 0.0 0.0 1.0 0.0 0 1
0.0 1.0 1.0 1.0 0.0 1.0 1.0 0.0 0 8
0.0 1.0 1.0 1.0 0.0 1.0 1.0 0.0 0 1
0.0 1.0 1.0 0.0 0.0 1.0 0.0 0.0 1 1
0.0 1.0 2.0 1.0 0.0 2.0 2.0 0.0 1 1
0.0 1.0 0.0 1.0 0.0 1.0 0.0 0.0 1 1
0.0 1.0 1.0 2.0 0.0 2.0 1.0 0.0 1 1
0.0 1.0 3.0 1.0 0.0 2.0 1.0 0.0 1 1
0.0 1.0 1.0 1.0 0.0 1.0 1.0 0.0 1 1
0.0 1.0 3.0 0.0 0.0 3.0 0.0 0.0 1 1
0.0 1.0 2.0 1.0 1.0 2.0 1.0 0.0 0 1
0.0 1.0 2.0 0.0 1.0 2.0 1.0 0.0 0 1
0.0 1.0 0.0 2.0 1.0 1.0 1.0 0.0 0 1
0.0 1.0 0.0 1.0 1.0 1.0 2.0 0.0 0 1
0.0 1.0 2.0 1.0 1.0 3.0 2.0 0.0 0 1
0.0 1.0 1.0 1.0 1.0 1.0 1.0 0.0 0 2
0.0 1.0 1.0 0.0 1.0 1.0 1.0 0.0 0 1
0.0 1.0 1.0 1.0 1.0 1.0 2.0 0.0 0 2
0.0 1.0 3.0 1.0 1.0 2.0 1.0 0.0 1 1
0.0 1.0 2.0 0.0 1.0 2.0 0.0 0.0 1 1
0.0 2.0 3.0 2.0 1.0 3.0 1.0 0.0 0 1
0.0 2.0 1.0 0.0 1.0 1.0 1.0 0.0 0 1
0.0 2.0 3.0 1.0 1.0 3.0 2.0 0.0 0 1
0.0 2.0 1.0 1.0 1.0 2.0 1.0 0.0 0 2
0.0 2.0 2.0 1.0 1.0 3.0 2.0 0.0 0 1
0.0 2.0 1.0 1.0 1.0 2.0 2.0 0.0 0 1
0.0 2.0 3.0 1.0 1.0 4.0 1.0 0.0 0 1
0.0 2.0 3.0 2.0 1.0 2.0 1.0 0.0 0 1
0.0 2.0 4.0 0.0 1.0 3.0 1.0 0.0 0 1
0.0 2.0 2.0 1.0 1.0 1.0 2.0 0.0 0 1
0.0 2.0 2.0 1.0 1.0 2.0 2.0 0.0 0 1
0.0 2.0 2.0 0.0 1.0 2.0 1.0 0.0 1 1
0.0 2.0 0.0 0.0 1.0 1.0 1.0 0.0 1 1
0.0 2.0 3.0 0.0 1.0 2.0 0.0 0.0 1 1
0.0 2.0 3.0 0.0 1.0 3.0 0.0 0.0 1 1
0.0 0.0 3.0 0.0 1.0 3.0 1.0 0.0 0 1
0.0 0.0 3.0 1.0 1.0 3.0 2.0 0.0 0 1
0.0 0.0 1.0 0.0 0.0 1.0 0.0 0.0 0 1
0.0 0.0 0.0 1.0 0.0 0.0 0.0 0.0 0 1
0.0 0.0 1.0 0.0 0.0 0.0 0.0 0.0 0 1
0.0 0.0 4.0 1.0 0.0 3.0 1.0 0.0 0 1
0.0 0.0 3.0 1.0 0.0 4.0 0.0 0.0 1 1
0.0 0.0 2.0 1.0 0.0 3.0 1.0 0.0 1 1
0.0 0.0 3.0 1.0 0.0 3.0 1.0 0.0 1 1
0.0 1.0 3.0 1.0 2.0 3.0 2.0 0.0 0 1
0.0 1.0 3.0 2.0 2.0 3.0 1.0 0.0 0 1
0.0 1.0 0.0 0.0 2.0 0.0 0.0 0.0 0 1
0.0 1.0 1.0 0.0 2.0 1.0 0.0 0.0 1 1
0.0 1.0 0.0 0.0 2.0 1.0 0.0 0.0 1 1
0.0 1.0 0.0 1.0 1.0 0.0 0.0 0.0 0 1
0.0 1.0 2.0 1.0 1.0 2.0 1.0 0.0 0 1
0.0 1.0 2.0 0.0 1.0 2.0 0.0 0.0 0 1
0.0 1.0 2.0 0.0 1.0 1.0 0.0 0.0 0 1
0.0 1.0 2.0 0.0 1.0 1.0 0.0 0.0 0 1
0.0 1.0 1.0 1.0 1.0 1.0 1.0 0.0 0 1
0.0 1.0 3.0 1.0 1.0 3.0 1.0 0.0 0 1
0.0 1.0 2.0 2.0 1.0 1.0 1.0 0.0 1 1
0.0 1.0 3.0 0.0 1.0 3.0 0.0 0.0 1 1
0.0 0.0 1.0 1.0 0.0 0.0 0.0 1.0 0 1
0.0 0.0 2.0 1.0 0.0 1.0 2.0 1.0 0 1
0.0 0.0 1.0 2.0 0.0 1.0 1.0 1.0 0 1
0.0 0.0 3.0 0.0 0.0 4.0 1.0 1.0 1 1
0.0 1.0 2.0 1.0 0.0 2.0 1.0 1.0 0 1
0.0 1.0 1.0 1.0 0.0 1.0 1.0 1.0 0 1
0.0 1.0 2.0 0.0 0.0 3.0 0.0 1.0 1 1
0.0 1.0 2.0 1.0 0.0 3.0 2.0 1.0 1 1
0.0 1.0 0.0 1.0 0.0 0.0 1.0 1.0 1 1
0.0 1.0 2.0 1.0 1.0 2.0 1.0 1.0 0 1
0.0 1.0 0.0 1.0 1.0 1.0 2.0 1.0 0 1
0.0 1.0 3.0 1.0 1.0 3.0 1.0 1.0 0 1
0.0 2.0 0.0 0.0 1.0 0.0 0.0 1.0 0 1
0.0 2.0 2.0 1.0 1.0 2.0 1.0 1.0 0 1
0.0 2.0 1.0 1.0 1.0 1.0 2.0 1.0 1 1
0.0 2.0 1.0 1.0 1.0 2.0 1.0 1.0 1 1
0.0 0.0 0.0 0.0 1.0 1.0 0.0 1.0 0 1
0.0 0.0 1.0 0.0 1.0 2.0 0.0 1.0 0 1
0.0 0.0 1.0 2.0 0.0 2.0 1.0 1.0 0 1
0.0 0.0 4.0 0.0 0.0 3.0 1.0 1.0 0 1
0.0 0.0 1.0 1.0 0.0 1.0 2.0 1.0 0 1
0.0 0.0 1.0 1.0 0.0 1.0 1.0 1.0 0 1
0.0 0.0 2.0 0.0 0.0 2.0 1.0 1.0 1 1
0.0 1.0 2.0 0.0 2.0 2.0 1.0 1.0 0 1
0.0 1.0 1.0 1.0 2.0 2.0 0.0 1.0 0 1
0.0 1.0 2.0 1.0 2.0 1.0 2.0 1.0 0 1
0.0 1.0 0.0 1.0 2.0 1.0 2.0 1.0 1 1
0.0 1.0 3.0 1.0 1.0 4.0 0.0 1.0 0 1
0.0 1.0 1.0 1.0 1.0 1.0 0.0 1.0 0 1
0.0 1.0 3.0 1.0 1.0 3.0 1.0 1.0 0 1
0.0 1.0 0.0 0.0 1.0 0.0 0.0 1.0 0 2
0.0 1.0 2.0 1.0 1.0 2.0 1.0 1.0 0 1
1.0 0.0 2.0 1.0 0.0 2.0 1.0 0.0 0 2
1.0 0.0 1.0 1.0 0.0 1.0 1.0 0.0 0 1
1.0 0.0 3.0 1.0 0.0 3.0 1.0 0.0 0 1
1.0 0.0 1.0 0.0 0.0 1.0 0.0 0.0 0 1
1.0 0.0 0.0 1.0 0.0 0.0 2.0 0.0 0 1
1.0 0.0 2.0 1.0 0.0 2.0 2.0 0.0 0 2
1.0 0.0 2.0 1.0 0.0 2.0 1.0 0.0 0 1
1.0 0.0 1.0 1.0 0.0 1.0 1.0 0.0 0 2
1.0 0.0 0.0 1.0 0.0 1.0 0.0 0.0 0 1
1.0 0.0 1.0 1.0 0.0 2.0 1.0 0.0 0 1
1.0 0.0 0.0 2.0 0.0 1.0 1.0 0.0 0 1
1.0 0.0 1.0 2.0 0.0 2.0 1.0 0.0 0 1
1.0 0.0 1.0 1.0 0.0 2.0 2.0 0.0 0 1
1.0 0.0 3.0 1.0 0.0 2.0 1.0 0.0 0 1
1.0 0.0 2.0 1.0 0.0 1.0 1.0 0.0 0 1
1.0 0.0 1.0 0.0 0.0 0.0 1.0 0.0 0 1
1.0 0.0 2.0 0.0 0.0 1.0 1.0 0.0 0 2
1.0 0.0 2.0 1.0 0.0 1.0 2.0 0.0 0 5
1.0 0.0 4.0 1.0 0.0 3.0 2.0 0.0 0 2
1.0 0.0 0.0 1.0 0.0 0.0 1.0 0.0 0 1
1.0 0.0 2.0 1.0 0.0 2.0 1.0 0.0 0 1
1.0 0.0 1.0 1.0 0.0 1.0 1.0 0.0 0 3
1.0 0.0 3.0 2.0 0.0 3.0 1.0 0.0 0 1
1.0 0.0 1.0 1.0 0.0 1.0 2.0 0.0 0 2
1.0 0.0 3.0 1.0 0.0 3.0 2.0 0.0 0 1
1.0 0.0 1.0 1.0 0.0 0.0 1.0 0.0 1 1
1.0 0.0 0.0 1.0 0.0 0.0 1.0 0.0 1 1
1.0 1.0 0.0 2.0 0.0 0.0 1.0 0.0 0 1
1.0 1.0 1.0 0.0 0.0 1.0 1.0 0.0 0 1
1.0 1.0 3.0 0.0 0.0 3.0 1.0 0.0 0 1
1.0 1.0 2.0 0.0 0.0 2.0 0.0 0.0 0 2
1.0 1.0 2.0 1.0 0.0 2.0 2.0 0.0 0 4
1.0 1.0 1.0 1.0 0.0 1.0 2.0 0.0 0 1
1.0 1.0 3.0 1.0 0.0 3.0 2.0 0.0 0 1
1.0 1.0 3.0 1.0 0.0 3.0 1.0 0.0 0 1
1.0 1.0 2.0 0.0 0.0 3.0 0.0 0.0 0 1
1.0 1.0 1.0 0.0 0.0 2.0 0.0 0.0 0 2
1.0 1.0 0.0 1.0 0.0 1.0 0.0 0.0 0 1
1.0 1.0 0.0 1.0 0.0 1.0 1.0 0.0 0 1
1.0 1.0 2.0 1.0 0.0 3.0 1.0 0.0 0 1
1.0 1.0 0.0 0.0 0.0 1.0 0.0 0.0 0 1
1.0 1.0 1.0 0.0 0.0 2.0 0.0 0.0 0 1
1.0 1.0 3.0 1.0 0.0 4.0 2.0 0.0 0 1
1.0 1.0 3.0 0.0 0.0 2.0 0.0 0.0 0 1
1.0 1.0 2.0 0.0 0.0 1.0 0.0 0.0 0 2
1.0 1.0 2.0 1.0 0.0 1.0 0.0 0.0 0 1
1.0 1.0 2.0 1.0 0.0 1.0 1.0 0.0 0 2
1.0 1.0 4.0 0.0 0.0 3.0 1.0 0.0 0 1
1.0 1.0 2.0 1.0 0.0 1.0 2.0 0.0 0 1
1.0 1.0 3.0 1.0 0.0 2.0 1.0 0.0 0 1
1.0 1.0 2.0 1.0 0.0 2.0 1.0 0.0 0 1
1.0 1.0 1.0 1.0 0.0 1.0 1.0 0.0 0 1
1.0 1.0 3.0 0.0 0.0 3.0 1.0 0.0 0 1
1.0 1.0 2.0 1.0 0.0 2.0 2.0 0.0 0 1
1.0 1.0 0.0 0.0 0.0 0.0 1.0 0.0 1 1
1.0 1.0 1.0 0.0 0.0 1.0 1.0 0.0 1 2
1.0 1.0 0.0 1.0 0.0 0.0 2.0 0.0 1 1
1.0 1.0 1.0 1.0 0.0 1.0 2.0 0.0 1 1
1.0 1.0 3.0 1.0 0.0 3.0 2.0 0.0 1 1
1.0 1.0 3.0 0.0 0.0 4.0 0.0 0.0 1 1
1.0 1.0 3.0 1.0 0.0 4.0 0.0 0.0 1 1
1.0 1.0 2.0 0.0 0.0 3.0 1.0 0.0 1 1
1.0 1.0 3.0 0.0 0.0 2.0 0.0 0.0 1 1
1.0 1.0 2.0 0.0 0.0 1.0 0.0 0.0 1 1
1.0 1.0 1.0 0.0 0.0 1.0 0.0 0.0 1 1
1.0 1.0 3.0 1.0 0.0 3.0 1.0 0.0 1 2
1.0 1.0 1.0 1.0 1.0 1.0 0.0 0.0 0 1
1.0 1.0 0.0 1.0 1.0 0.0 1.0 0.0 0 1
1.0 1.0 2.0 1.0 1.0 2.0 1.0 0.0 0 1
1.0 1.0 1.0 2.0 1.0 1.0 1.0 0.0 0 1
1.0 1.0 3.0 2.0 1.0 3.0 1.0 0.0 0 1
1.0 1.0 2.0 0.0 1.0 2.0 1.0 0.0 0 3
1.0 1.0 1.0 0.0 1.0 1.0 1.0 0.0 0 1
1.0 1.0 3.0 0.0 1.0 3.0 1.0 0.0 0 1
1.0 1.0 0.0 0.0 1.0 0.0 0.0 0.0 0 1
1.0 1.0 1.0 0.0 1.0 1.0 0.0 0.0 0 4
1.0 1.0 0.0 1.0 1.0 0.0 2.0 0.0 0 1
1.0 1.0 2.0 1.0 1.0 2.0 2.0 0.0 0 1
1.0 1.0 0.0 1.0 1.0 0.0 1.0 0.0 0 1
1.0 1.0 1.0 1.0 1.0 1.0 1.0 0.0 0 7
1.0 1.0 3.0 1.0 1.0 3.0 1.0 0.0 0 1
1.0 1.0 1.0 0.0 1.0 2.0 0.0 0.0 0 1
1.0 1.0 0.0 1.0 1.0 1.0 0.0 0.0 0 2
1.0 1.0 1.0 1.0 1.0 2.0 0.0 0.0 0 1
1.0 1.0 1.0 1.0 1.0 2.0 1.0 0.0 0 4
1.0 1.0 1.0 0.0 1.0 2.0 0.0 0.0 0 1
1.0 1.0 1.0 2.0 1.0 0.0 1.0 0.0 0 1
1.0 1.0 2.0 0.0 1.0 1.0 1.0 0.0 0 4
1.0 1.0 2.0 0.0 1.0 1.0 0.0 0.0 0 3
1.0 1.0 1.0 1.0 1.0 0.0 2.0 0.0 0 2
1.0 1.0 2.0 1.0 1.0 1.0 2.0 0.0 0 51
1.0 1.0 4.0 1.0 1.0 3.0 2.0 0.0 0 3
1.0 1.0 1.0 1.0 1.0 0.0 1.0 0.0 0 1
1.0 1.0 2.0 1.0 1.0 1.0 1.0 0.0 0 2
1.0 1.0 1.0 0.0 1.0 1.0 0.0 0.0 0 8
1.0 1.0 2.0 1.0 1.0 2.0 0.0 0.0 0 1
1.0 1.0 1.0 1.0 1.0 1.0 0.0 0.0 0 1
1.0 1.0 3.0 1.0 1.0 3.0 0.0 0.0 0 1
1.0 1.0 0.0 1.0 1.0 0.0 1.0 0.0 0 1
1.0 1.0 2.0 1.0 1.0 2.0 1.0 0.0 0 1
1.0 1.0 1.0 1.0 1.0 1.0 1.0 0.0 0 54
1.0 1.0 3.0 1.0 1.0 3.0 1.0 0.0 0 2
1.0 1.0 1.0 2.0 1.0 1.0 1.0 0.0 0 1
1.0 1.0 2.0 0.0 1.0 2.0 1.0 0.0 0 1
1.0 1.0 1.0 0.0 1.0 1.0 1.0 0.0 0 1
1.0 1.0 2.0 0.0 1.0 2.0 0.0 0.0 0 1
1.0 1.0 1.0 1.0 1.0 1.0 2.0 0.0 0 3
1.0 1.0 1.0 1.0 1.0 1.0 1.0 0.0 0 1
1.0 1.0 3.0 0.0 1.0 3.0 0.0 0.0 1 1
1.0 1.0 1.0 1.0 1.0 1.0 1.0 0.0 1 1
1.0 1.0 3.0 1.0 1.0 3.0 1.0 0.0 1 2
1.0 1.0 1.0 0.0 1.0 1.0 0.0 0.0 1 1
1.0 1.0 0.0 1.0 1.0 0.0 2.0 0.0 1 1
1.0 1.0 1.0 1.0 1.0 2.0 0.0 0.0 1 1
1.0 1.0 1.0 1.0 1.0 0.0 1.0 0.0 1 1
1.0 1.0 2.0 1.0 1.0 1.0 1.0 0.0 1 1
1.0 1.0 3.0 0.0 1.0 2.0 1.0 0.0 1 1
1.0 1.0 4.0 0.0 1.0 3.0 0.0 0.0 1 1
1.0 1.0 3.0 1.0 1.0 2.0 2.0 0.0 1 1
1.0 1.0 2.0 1.0 1.0 1.0 2.0 0.0 1 1
1.0 1.0 4.0 1.0 1.0 3.0 2.0 0.0 1 1
1.0 1.0 1.0 1.0 1.0 1.0 0.0 0.0 1 1
1.0 1.0 0.0 1.0 1.0 0.0 1.0 0.0 1 1
1.0 1.0 2.0 1.0 1.0 2.0 1.0 0.0 1 4
1.0 1.0 1.0 1.0 1.0 1.0 1.0 0.0 1 1
1.0 1.0 3.0 1.0 1.0 3.0 1.0 0.0 1 1
1.0 1.0 2.0 2.0 1.0 2.0 1.0 0.0 1 1
1.0 1.0 2.0 1.0 1.0 2.0 2.0 0.0 1 1
1.0 1.0 1.0 1.0 1.0 1.0 1.0 0.0 1 1
1.0 2.0 0.0 0.0 1.0 0.0 0.0 0.0 0 1
1.0 2.0 2.0 0.0 1.0 2.0 0.0 0.0 0 4
1.0 2.0 0.0 1.0 1.0 0.0 0.0 0.0 0 1
1.0 2.0 2.0 1.0 1.0 2.0 0.0 0.0 0 1
1.0 2.0 1.0 1.0 1.0 1.0 0.0 0.0 0 1
1.0 2.0 0.0 1.0 1.0 0.0 1.0 0.0 0 1
1.0 2.0 2.0 1.0 1.0 2.0 1.0 0.0 0 4
1.0 2.0 1.0 1.0 1.0 1.0 1.0 0.0 0 1
1.0 2.0 3.0 1.0 1.0 3.0 1.0 0.0 0 3
1.0 2.0 2.0 2.0 1.0 2.0 1.0 0.0 0 2
1.0 2.0 3.0 2.0 1.0 3.0 1.0 0.0 0 1
1.0 2.0 0.0 0.0 1.0 0.0 1.0 0.0 0 1
1.0 2.0 2.0 0.0 1.0 2.0 1.0 0.0 0 40
1.0 2.0 1.0 0.0 1.0 1.0 1.0 0.0 0 2
1.0 2.0 3.0 0.0 1.0 3.0 1.0 0.0 0 5
1.0 2.0 2.0 0.0 1.0 2.0 0.0 0.0 0 3
1.0 2.0 3.0 0.0 1.0 3.0 0.0 0.0 0 1
1.0 2.0 0.0 1.0 1.0 0.0 2.0 0.0 0 3
1.0 2.0 2.0 1.0 1.0 2.0 2.0 0.0 0 74
1.0 2.0 1.0 1.0 1.0 1.0 2.0 0.0 0 8
1.0 2.0 3.0 1.0 1.0 3.0 2.0 0.0 0 18
1.0 2.0 2.0 1.0 1.0 2.0 1.0 0.0 0 2
1.0 2.0 1.0 1.0 1.0 1.0 1.0 0.0 0 2
1.0 2.0 3.0 1.0 1.0 3.0 1.0 0.0 0 1
1.0 2.0 1.0 0.0 1.0 2.0 0.0 0.0 0 9
1.0 2.0 0.0 1.0 1.0 1.0 0.0 0.0 0 1
1.0 2.0 0.0 1.0 1.0 1.0 1.0 0.0 0 5
1.0 2.0 2.0 1.0 1.0 3.0 1.0 0.0 0 4
1.0 2.0 1.0 1.0 1.0 2.0 1.0 0.0 0 61
1.0 2.0 3.0 1.0 1.0 4.0 1.0 0.0 0 2
1.0 2.0 0.0 2.0 1.0 1.0 1.0 0.0 0 1
1.0 2.0 1.0 2.0 1.0 2.0 1.0 0.0 0 3
1.0 2.0 3.0 2.0 1.0 4.0 1.0 0.0 0 1
1.0 2.0 1.0 0.0 1.0 2.0 1.0 0.0 0 3
1.0 2.0 3.0 0.0 1.0 4.0 1.0 0.0 0 2
1.0 2.0 1.0 0.0 1.0 2.0 0.0 0.0 0 1
1.0 2.0 0.0 1.0 1.0 1.0 2.0 0.0 0 1
1.0 2.0 2.0 1.0 1.0 3.0 2.0 0.0 0 1
1.0 2.0 1.0 1.0 1.0 2.0 2.0 0.0 0 4
1.0 2.0 3.0 1.0 1.0 4.0 2.0 0.0 0 3
1.0 2.0 0.0 1.0 1.0 1.0 1.0 0.0 0 2
1.0 2.0 1.0 1.0 1.0 2.0 1.0 0.0 0 1
1.0 2.0 3.0 1.0 1.0 4.0 1.0 0.0 0 2
1.0 2.0 1.0 1.0 1.0 0.0 0.0 0.0 0 1
1.0 2.0 3.0 1.0 1.0 2.0 0.0 0.0 0 1
1.0 2.0 4.0 1.0 1.0 3.0 0.0 0.0 0 1
1.0 2.0 3.0 1.0 1.0 2.0 1.0 0.0 0 3
1.0 2.0 2.0 1.0 1.0 1.0 1.0 0.0 0 5
1.0 2.0 4.0 2.0 1.0 3.0 1.0 0.0 0 1
1.0 2.0 3.0 0.0 1.0 2.0 1.0 0.0 0 1
1.0 2.0 4.0 0.0 1.0 3.0 1.0 0.0 0 1
1.0 2.0 3.0 0.0 1.0 2.0 0.0 0.0 0 1
1.0 2.0 4.0 0.0 1.0 3.0 0.0 0.0 0 1
1.0 2.0 3.0 1.0 1.0 2.0 2.0 0.0 0 3
1.0 2.0 3.0 1.0 1.0 2.0 1.0 0.0 0 3
1.0 2.0 2.0 0.0 1.0 2.0 0.0 0.0 0 1
1.0 2.0 1.0 0.0 1.0 1.0 0.0 0.0 0 2
1.0 2.0 3.0 0.0 1.0 3.0 0.0 0.0 0 1
1.0 2.0 2.0 1.0 1.0 2.0 0.0 0.0 0 1
1.0 2.0 2.0 1.0 1.0 2.0 1.0 0.0 0 3
1.0 2.0 1.0 1.0 1.0 1.0 1.0 0.0 0 4
1.0 2.0 2.0 2.0 1.0 2.0 1.0 0.0 0 1
1.0 2.0 3.0 0.0 1.0 3.0 0.0 0.0 0 1
1.0 2.0 2.0 1.0 1.0 2.0 2.0 0.0 0 1
1.0 2.0 1.0 1.0 1.0 1.0 2.0 0.0 0 1
1.0 2.0 3.0 1.0 1.0 3.0 1.0 0.0 0 1
1.0 2.0 0.0 1.0 1.0 0.0 0.0 0.0 1 1
1.0 2.0 2.0 1.0 1.0 2.0 0.0 0.0 1 1
1.0 2.0 2.0 1.0 1.0 2.0 1.0 0.0 1 1
1.0 2.0 0.0 0.0 1.0 0.0 1.0 0.0 1 3
1.0 2.0 2.0 0.0 1.0 2.0 1.0 0.0 1 1
1.0 2.0 1.0 0.0 1.0 1.0 1.0 0.0 1 1
1.0 2.0 3.0 0.0 1.0 3.0 1.0 0.0 1 1
1.0 2.0 2.0 0.0 1.0 2.0 0.0 0.0 1 1
1.0 2.0 3.0 0.0 1.0 3.0 0.0 0.0 1 1
1.0 2.0 0.0 1.0 1.0 0.0 2.0 0.0 1 2
1.0 2.0 2.0 1.0 1.0 2.0 2.0 0.0 1 3
1.0 2.0 1.0 1.0 1.0 1.0 2.0 0.0 1 2
1.0 2.0 3.0 1.0 1.0 3.0 2.0 0.0 1 4
1.0 2.0 1.0 1.0 1.0 1.0 1.0 0.0 1 1
1.0 2.0 3.0 0.0 1.0 4.0 0.0 0.0 1 1
1.0 2.0 0.0 1.0 1.0 1.0 0.0 0.0 1 1
1.0 2.0 2.0 1.0 1.0 3.0 0.0 0.0 1 1
1.0 2.0 0.0 1.0 1.0 1.0 1.0 0.0 1 2
1.0 2.0 2.0 1.0 1.0 3.0 1.0 0.0 1 5
1.0 2.0 1.0 1.0 1.0 2.0 1.0 0.0 1 3
1.0 2.0 3.0 1.0 1.0 4.0 1.0 0.0 1 1
1.0 2.0 1.0 2.0 1.0 2.0 1.0 0.0 1 1
1.0 2.0 2.0 0.0 1.0 3.0 0.0 0.0 1 1
1.0 2.0 0.0 1.0 1.0 1.0 2.0 0.0 1 1
1.0 2.0 2.0 1.0 1.0 3.0 2.0 0.0 1 1
1.0 2.0 1.0 1.0 1.0 2.0 2.0 0.0 1 1
1.0 2.0 0.0 1.0 1.0 1.0 1.0 0.0 1 1
1.0 2.0 2.0 1.0 1.0 3.0 1.0 0.0 1 1
1.0 2.0 1.0 1.0 1.0 2.0 1.0 0.0 1 1
1.0 2.0 4.0 1.0 1.0 3.0 1.0 0.0 1 1
1.0 2.0 2.0 2.0 1.0 1.0 1.0 0.0 1 1
1.0 2.0 1.0 0.0 1.0 0.0 1.0 0.0 1 2
1.0 2.0 4.0 0.0 1.0 3.0 0.0 0.0 1 1
1.0 2.0 1.0 1.0 1.0 0.0 2.0 0.0 1 1
1.0 2.0 2.0 1.0 1.0 1.0 2.0 0.0 1 1
1.0 2.0 0.0 0.0 1.0 0.0 0.0 0.0 1 1
1.0 2.0 1.0 0.0 1.0 1.0 0.0 0.0 1 3
1.0 2.0 2.0 1.0 1.0 2.0 1.0 0.0 1 1
1.0 2.0 3.0 1.0 1.0 3.0 1.0 0.0 1 1
1.0 2.0 2.0 1.0 1.0 2.0 2.0 0.0 1 1
1.0 2.0 3.0 1.0 1.0 3.0 2.0 0.0 1 1
1.0 2.0 3.0 1.0 1.0 3.0 1.0 0.0 1 1
1.0 0.0 2.0 1.0 1.0 2.0 1.0 0.0 0 1
1.0 0.0 1.0 1.0 1.0 1.0 1.0 0.0 0 1
1.0 0.0 2.0 0.0 1.0 2.0 1.0 0.0 0 1
1.0 0.0 0.0 1.0 1.0 1.0 1.0 0.0 0 1
1.0 0.0 2.0 1.0 1.0 3.0 1.0 0.0 0 1
1.0 0.0 1.0 1.0 1.0 0.0 0.0 0.0 0 1
1.0 0.0 1.0 1.0 1.0 0.0 1.0 0.0 0 3
1.0 0.0 1.0 1.0 1.0 0.0 2.0 0.0 0 1
1.0 0.0 4.0 1.0 1.0 3.0 2.0 0.0 0 2
1.0 0.0 0.0 0.0 1.0 0.0 0.0 0.0 0 1
1.0 0.0 1.0 1.0 1.0 1.0 1.0 0.0 0 1
1.0 0.0 1.0 0.0 1.0 1.0 0.0 0.0 1 1
1.0 0.0 3.0 0.0 1.0 3.0 0.0 0.0 1 1
1.0 0.0 1.0 1.0 1.0 1.0 2.0 0.0 1 1
1.0 0.0 2.0 1.0 1.0 3.0 1.0 0.0 1 1
1.0 0.0 1.0 1.0 1.0 2.0 1.0 0.0 1 1
1.0 0.0 3.0 1.0 1.0 2.0 1.0 0.0 1 1
1.0 0.0 1.0 1.0 0.0 1.0 1.0 0.0 0 3
1.0 0.0 3.0 0.0 0.0 3.0 1.0 0.0 0 1
1.0 0.0 2.0 1.0 0.0 2.0 2.0 0.0 0 2
1.0 0.0 3.0 1.0 0.0 3.0 2.0 0.0 0 1
1.0 0.0 1.0 1.0 0.0 2.0 1.0 0.0 0 1
1.0 0.0 2.0 1.0 0.0 3.0 2.0 0.0 0 1
1.0 0.0 0.0 1.0 0.0 1.0 1.0 0.0 0 1
1.0 0.0 1.0 1.0 0.0 2.0 1.0 0.0 0 1
1.0 0.0 3.0 1.0 0.0 2.0 0.0 0.0 0 1
1.0 0.0 4.0 1.0 0.0 3.0 2.0 0.0 0 1
1.0 0.0 3.0 1.0 0.0 3.0 1.0 0.0 0 1
1.0 0.0 1.0 1.0 0.0 1.0 2.0 0.0 1 1
1.0 0.0 3.0 1.0 0.0 4.0 2.0 0.0 1 1
1.0 0.0 1.0 1.0 0.0 2.0 1.0 0.0 1 1
1.0 0.0 3.0 0.0 0.0 3.0 0.0 0.0 1 1
1.0 0.0 2.0 1.0 0.0 2.0 1.0 0.0 1 1
1.0 0.0 1.0 0.0 0.0 1.0 0.0 0.0 1 1
1.0 1.0 3.0 0.0 2.0 3.0 0.0 0.0 0 1
1.0 1.0 1.0 0.0 2.0 1.0 0.0 0.0 0 1
1.0 1.0 3.0 1.0 2.0 3.0 2.0 0.0 0 1
1.0 1.0 1.0 1.0 2.0 1.0 1.0 0.0 0 1
1.0 1.0 0.0 1.0 2.0 1.0 1.0 0.0 0 1
1.0 1.0 1.0 0.0 2.0 2.0 1.0 0.0 0 1
1.0 1.0 3.0 1.0 2.0 2.0 1.0 0.0 0 1
1.0 1.0 2.0 1.0 2.0 1.0 2.0 0.0 0 1
1.0 1.0 1.0 1.0 2.0 1.0 1.0 0.0 0 3
1.0 1.0 2.0 0.0 2.0 2.0 1.0 0.0 0 1
1.0 1.0 1.0 1.0 2.0 1.0 2.0 0.0 0 1
1.0 1.0 1.0 1.0 2.0 1.0 2.0 0.0 1 1
1.0 1.0 2.0 0.0 2.0 3.0 0.0 0.0 1 1
1.0 1.0 3.0 0.0 2.0 4.0 1.0 0.0 1 1
1.0 1.0 1.0 1.0 2.0 2.0 2.0 0.0 1 1
1.0 1.0 0.0 0.0 2.0 0.0 1.0 0.0 1 1
1.0 1.0 3.0 0.0 2.0 3.0 1.0 0.0 1 1
1.0 1.0 0.0 1.0 2.0 0.0 1.0 0.0 1 1
1.0 1.0 3.0 1.0 2.0 3.0 1.0 0.0 1 1
1.0 1.0 0.0 0.0 1.0 0.0 0.0 0.0 0 1
1.0 1.0 1.0 0.0 1.0 1.0 0.0 0.0 0 4
1.0 1.0 2.0 1.0 1.0 2.0 0.0 0.0 0 1
1.0 1.0 1.0 1.0 1.0 1.0 1.0 0.0 0 14
1.0 1.0 1.0 2.0 1.0 1.0 1.0 0.0 0 1
1.0 1.0 1.0 0.0 1.0 1.0 1.0 0.0 0 1
1.0 1.0 1.0 0.0 1.0 1.0 0.0 0.0 0 1
1.0 1.0 2.0 1.0 1.0 2.0 2.0 0.0 0 2
1.0 1.0 1.0 1.0 1.0 1.0 2.0 0.0 0 3
1.0 1.0 3.0 1.0 1.0 3.0 1.0 0.0 0 1
1.0 1.0 1.0 0.0 1.0 2.0 0.0 0.0 0 1
1.0 1.0 3.0 1.0 1.0 4.0 0.0 0.0 0 1
1.0 1.0 0.0 1.0 1.0 1.0 2.0 0.0 0 1
1.0 1.0 2.0 1.0 1.0 3.0 2.0 0.0 0 4
1.0 1.0 1.0 1.0 1.0 2.0 2.0 0.0 0 1
1.0 1.0 1.0 0.0 1.0 0.0 1.0 0.0 0 1
1.0 1.0 1.0 1.0 1.0 0.0 2.0 0.0 0 1
1.0 1.0 2.0 1.0 1.0 1.0 2.0 0.0 0 1
1.0 1.0 4.0 1.0 1.0 3.0 1.0 0.0 0 1
1.0 1.0 1.0 0.0 1.0 1.0 0.0 0.0 0 1
1.0 1.0 1.0 1.0 1.0 1.0 1.0 0.0 0 1
1.0 1.0 2.0 1.0 1.0 2.0 0.0 0.0 1 1
1.0 1.0 2.0 1.0 1.0 2.0 1.0 0.0 1 1
1.0 1.0 3.0 1.0 1.0 3.0 1.0 0.0 1 1
1.0 1.0 2.0 0.0 1.0 2.0 1.0 0.0 1 2
1.0 1.0 3.0 0.0 1.0 3.0 1.0 0.0 1 1
1.0 1.0 1.0 1.0 1.0 1.0 2.0 0.0 1 1
1.0 1.0 3.0 1.0 1.0 3.0 2.0 0.0 1 2
1.0 1.0 2.0 1.0 1.0 2.0 1.0 0.0 1 1
1.0 1.0 1.0 1.0 1.0 1.0 1.0 0.0 1 1
1.0 1.0 2.0 1.0 1.0 3.0 1.0 0.0 1 1
1.0 1.0 3.0 0.0 1.0 2.0 1.0 0.0 1 1
0.0 0.0 1.0 1.0 0.0 1.0 1.0 0.0 0 1
0.0 0.0 3.0 0.0 0.0 3.0 0.0 0.0 0 1
0.0 0.0 3.0 1.0 0.0 3.0 2.0 0.0 1 1
0.0 0.0 1.0 0.0 0.0 0.0 1.0 0.0 1 1
0.0 1.0 1.0 1.0 0.0 1.0 0.0 0.0 0 1
0.0 1.0 1.0 1.0 0.0 1.0 1.0 0.0 0 3
0.0 1.0 2.0 0.0 0.0 2.0 1.0 0.0 0 1
0.0 1.0 2.0 0.0 0.0 3.0 0.0 0.0 0 1
0.0 1.0 1.0 0.0 0.0 2.0 0.0 0.0 0 1
0.0 1.0 1.0 1.0 0.0 2.0 1.0 0.0 0 2
0.0 1.0 2.0 1.0 0.0 3.0 2.0 0.0 0 1
0.0 1.0 2.0 1.0 0.0 1.0 1.0 0.0 0 1
0.0 1.0 4.0 1.0 0.0 3.0 1.0 0.0 0 1
0.0 1.0 2.0 1.0 0.0 2.0 2.0 0.0 1 1
0.0 1.0 0.0 1.0 0.0 1.0 1.0 0.0 1 1
0.0 1.0 3.0 1.0 0.0 4.0 2.0 0.0 1 1
0.0 1.0 1.0 2.0 1.0 0.0 1.0 0.0 0 2
0.0 1.0 1.0 0.0 1.0 0.0 1.0 0.0 0 1
0.0 1.0 2.0 1.0 1.0 1.0 2.0 0.0 0 1
0.0 1.0 1.0 1.0 1.0 1.0 1.0 0.0 0 1
0.0 1.0 0.0 1.0 1.0 0.0 2.0 0.0 1 1
0.0 2.0 3.0 1.0 1.0 3.0 1.0 0.0 0 1
0.0 2.0 2.0 0.0 1.0 2.0 1.0 0.0 0 1
0.0 2.0 2.0 1.0 1.0 2.0 2.0 0.0 0 1
0.0 2.0 0.0 0.0 1.0 1.0 0.0 0.0 0 1
0.0 2.0 1.0 0.0 1.0 0.0 0.0 0.0 0 1
0.0 2.0 1.0 0.0 1.0 1.0 0.0 0.0 0 1
0.0 2.0 2.0 0.0 1.0 2.0 0.0 0.0 1 1
0.0 0.0 2.0 1.0 1.0 2.0 0.0 0.0 0 1
0.0 0.0 2.0 0.0 1.0 2.0 1.0 0.0 0 2
0.0 0.0 3.0 0.0 1.0 3.0 1.0 0.0 0 1
0.0 0.0 1.0 1.0 1.0 2.0 2.0 0.0 0 1
0.0 0.0 2.0 0.0 1.0 1.0 1.0 0.0 0 1
0.0 0.0 1.0 1.0 1.0 1.0 1.0 0.0 0 1
0.0 0.0 1.0 1.0 0.0 1.0 1.0 0.0 0 1
0.0 0.0 2.0 0.0 0.0 2.0 1.0 0.0 0 1
0.0 0.0 1.0 0.0 0.0 1.0 1.0 0.0 0 1
0.0 0.0 3.0 1.0 0.0 3.0 1.0 0.0 0 1
0.0 0.0 1.0 0.0 0.0 1.0 1.0 0.0 0 1
0.0 0.0 0.0 1.0 0.0 0.0 2.0 0.0 0 1
0.0 0.0 0.0 1.0 0.0 1.0 1.0 0.0 1 1
0.0 0.0 4.0 1.0 0.0 3.0 0.0 0.0 1 1
0.0 0.0 2.0 1.0 0.0 1.0 1.0 0.0 1 1
0.0 1.0 2.0 1.0 2.0 2.0 1.0 0.0 0 1
0.0 1.0 1.0 0.0 2.0 1.0 0.0 0.0 0 1
0.0 1.0 1.0 1.0 2.0 2.0 1.0 0.0 0 1
0.0 1.0 2.0 0.0 2.0 3.0 1.0 0.0 0 1
0.0 1.0 1.0 1.0 2.0 2.0 2.0 0.0 0 1
0.0 1.0 2.0 2.0 2.0 1.0 1.0 0.0 0 1
0.0 1.0 2.0 0.0 2.0 1.0 1.0 0.0 0 1
0.0 1.0 2.0 1.0 2.0 1.0 2.0 0.0 0 1
0.0 1.0 1.0 1.0 2.0 1.0 1.0 0.0 0 1
0.0 1.0 3.0 1.0 2.0 2.0 1.0 0.0 1 1
0.0 1.0 3.0 0.0 2.0 3.0 1.0 0.0 1 1
0.0 1.0 3.0 1.0 1.0 3.0 2.0 0.0 0 1
0.0 1.0 1.0 1.0 1.0 2.0 1.0 0.0 0 1
0.0 1.0 2.0 1.0 1.0 3.0 2.0 0.0 0 1
0.0 1.0 3.0 1.0 1.0 3.0 2.0 0.0 0 1
0.0 1.0 2.0 1.0 1.0 1.0 1.0 0.0 1 1
0.0 1.0 0.0 0.0 1.0 0.0 0.0 0.0 1 1
