0.0 0.0 0.0 1.0 0.0 0.0 0.0 0.0 0 1
0.0 0.0 1.0 1.0 0.0 1.0 1.0 0.0 0 3
0.0 0.0 2.0 1.0 0.0 1.0 2.0 0.0 0 1
0.0 0.0 1.0 1.0 0.0 1.0 1.0 0.0 0 1
0.0 0.0 2.0 1.0 0.0 2.0 1.0 0.0 1 1
0.0 1.0 1.0 2.0 0.0 1.0 1.0 0.0 0 3
0.0 1.0 1.0 0.0 0.0 1.0 0.0 0.0 0 1
0.0 1.0 2.0 1.0 0.0 2.0 2.0 0.0 0 1
0.0 1.0 1.0 1.0 0.0 1.0 1.0 0.0 0 65
0.0 1.0 3.0 1.0 0.0 3.0 1.0 0.0 0 1
0.0 1.0 0.0 1.0 0.0 1.0 0.0 0.0 0 33
0.0 1.0 0.0 2.0 0.0 1.0 1.0 0.0 0 1
0.0 1.0 0.0 1.0 0.0 1.0 1.0 0.0 0 1
0.0 1.0 2.0 0.0 0.0 1.0 0.0 0.0 0 1
0.0 1.0 2.0 1.0 0.0 1.0 1.0 0.0 0 1
0.0 1.0 2.0 1.0 0.0 1.0 2.0 0.0 0 24
0.0 1.0 1.0 0.0 0.0 1.0 0.0 0.0 0 2
0.0 1.0 1.0 1.0 0.0 1.0 1.0 0.0 0 68
0.0 1.0 3.0 1.0 0.0 3.0 1.0 0.0 0 1
0.0 1.0 2.0 1.0 0.0 2.0 2.0 0.0 0 2
0.0 1.0 2.0 0.0 0.0 2.0 1.0 0.0 1 1
0.0 1.0 0.0 1.0 0.0 0.0 1.0 0.0 1 1
0.0 1.0 2.0 1.0 0.0 2.0 1.0 0.0 1 2
0.0 1.0 3.0 1.0 0.0 3.0 1.0 0.0 1 2
0.0 1.0 1.0 1.0 0.0 2.0 0.0 0.0 1 1
0.0 1.0 3.0 1.0 0.0 4.0 0.0 0.0 1 1
0.0 1.0 3.0 1.0 0.0 2.0 1.0 0.0 1 1
0.0 1.0 4.0 1.0 0.0 3.0 1.0 0.0 1 1
0.0 1.0 2.0 2.0 0.0 1.0 1.0 0.0 1 1
0.0 1.0 3.0 1.0 0.0 2.0 2.0 0.0 1 1
0.0 1.0 2.0 1.0 0.0 1.0 2.0 0.0 1 1
0.0 1.0 3.0 1.0 0.0 2.0 1.0 0.0 1 1
0.0 1.0 0.0 1.0 0.0 0.0 1.0 0.0 1 1
0.0 1.0 2.0 1.0 0.0 2.0 1.0 0.0 1 1
0.0 1.0 1.0 1.0 0.0 1.0 1.0 0.0 1 1
0.0 1.0 3.0 2.0 0.0 3.0 1.0 0.0 1 1
0.0 1.0 2.0 1.0 1.0 2.0 2.0 0.0 0 2
0.0 1.0 1.0 1.0 1.0 1.0 1.0 0.0 0 2
0.0 1.0 0.0 1.0 1.0 1.0 0.0 0.0 0 1
0.0 1.0 1.0 1.0 1.0 2.0 1.0 0.0 0 1
0.0 1.0 3.0 0.0 1.0 2.0 1.0 0.0 0 1
0.0 2.0 1.0 1.0 1.0 1.0 1.0 0.0 0 1
0.0 2.0 2.0 0.0 1.0 2.0 1.0 0.0 0 1
0.0 2.0 2.0 1.0 1.0 3.0 2.0 0.0 0 1
0.0 2.0 2.0 1.0 1.0 1.0 2.0 0.0 0 1
0.0 2.0 2.0 1.0 1.0 2.0 2.0 0.0 1 1
0.0 0.0 0.0 1.0 1.0 0.0 0.0 0.0 0 1
0.0 0.0 2.0 1.0 1.0 2.0 2.0 0.0 0 1
0.0 0.0 1.0 1.0 1.0 2.0 1.0 0.0 0 1
0.0 0.0 1.0 1.0 1.0 0.0 1.0 0.0 0 1
0.0 0.0 3.0 0.0 1.0 4.0 0.0 0.0 1 1
0.0 0.0 3.0 0.0 0.0 3.0 0.0 0.0 0 1
0.0 0.0 0.0 1.0 0.0 0.0 0.0 0.0 0 19
0.0 0.0 1.0 1.0 0.0 1.0 0.0 0.0 0 1
0.0 0.0 1.0 1.0 0.0 1.0 1.0 0.0 0 1
0.0 0.0 1.0 1.0 0.0 2.0 1.0 0.0 0 1
0.0 0.0 1.0 0.0 0.0 0.0 0.0 0.0 0 1
0.0 0.0 4.0 0.0 0.0 3.0 0.0 0.0 0 1
0.0 0.0 1.0 1.0 0.0 0.0 0.0 0.0 0 1
0.0 0.0 1.0 1.0 0.0 0.0 1.0 0.0 0 32
0.0 0.0 2.0 1.0 0.0 1.0 1.0 0.0 0 1
0.0 0.0 2.0 1.0 0.0 1.0 2.0 0.0 0 1
0.0 0.0 1.0 0.0 0.0 1.0 1.0 0.0 0 1
0.0 0.0 2.0 1.0 0.0 2.0 2.0 0.0 0 1
0.0 0.0 1.0 1.0 0.0 1.0 0.0 0.0 1 1
0.0 0.0 1.0 1.0 0.0 0.0 1.0 0.0 1 1
0.0 0.0 3.0 1.0 0.0 3.0 2.0 0.0 1 1
0.0 1.0 0.0 1.0 2.0 0.0 0.0 0.0 0 1
0.0 1.0 1.0 1.0 2.0 1.0 1.0 0.0 0 1
0.0 1.0 1.0 1.0 1.0 1.0 1.0 0.0 0 1
0.0 1.0 0.0 1.0 1.0 1.0 0.0 0.0 0 1
0.0 1.0 4.0 0.0 1.0 3.0 0.0 0.0 0 1
0.0 1.0 1.0 1.0 1.0 0.0 1.0 0.0 0 1
0.0 1.0 4.0 1.0 1.0 3.0 1.0 0.0 0 1
0.0 1.0 2.0 1.0 1.0 1.0 2.0 0.0 0 1
0.0 1.0 1.0 1.0 1.0 1.0 1.0 0.0 0 3
0.0 1.0 0.0 1.0 1.0 0.0 1.0 0.0 1 1
0.0 1.0 1.0 1.0 1.0 1.0 1.0 0.0 1 1
0.0 1.0 2.0 1.0 1.0 2.0 2.0 0.0 1 1
0.0 0.0 1.0 1.0 0.0 2.0 1.0 1.0 0 2
1.0 0.0 2.0 1.0 0.0 2.0 2.0 0.0 0 2
1.0 0.0 1.0 1.0 0.0 1.0 1.0 0.0 0 2
1.0 0.0 0.0 1.0 0.0 1.0 0.0 0.0 0 2
1.0 0.0 1.0 1.0 0.0 2.0 1.0 0.0 0 3
1.0 0.0 1.0 1.0 0.0 2.0 2.0 0.0 0 1
1.0 0.0 2.0 1.0 0.0 1.0 1.0 0.0 0 1
1.0 0.0 2.0 1.0 0.0 1.0 1.0 0.0 0 1
1.0 0.0 0.0 1.0 0.0 0.0 1.0 0.0 0 1
1.0 0.0 1.0 1.0 0.0 1.0 1.0 0.0 0 4
1.0 0.0 2.0 0.0 0.0 3.0 0.0 0.0 1 1
1.0 0.0 1.0 1.0 0.0 2.0 0.0 0.0 1 1
1.0 0.0 1.0 1.0 0.0 0.0 1.0 0.0 1 1
1.0 0.0 2.0 0.0 0.0 2.0 0.0 0.0 1 1
1.0 0.0 1.0 0.0 0.0 1.0 0.0 0.0 1 1
1.0 0.0 2.0 0.0 0.0 2.0 1.0 0.0 1 1
1.0 0.0 0.0 1.0 0.0 0.0 1.0 0.0 1 1
1.0 1.0 2.0 1.0 0.0 2.0 2.0 0.0 0 5
1.0 1.0 1.0 1.0 0.0 1.0 1.0 0.0 0 1
1.0 1.0 3.0 1.0 0.0 4.0 0.0 0.0 0 1
1.0 1.0 1.0 1.0 0.0 2.0 1.0 0.0 0 2
1.0 1.0 2.0 1.0 0.0 3.0 0.0 0.0 1 1
1.0 1.0 1.0 1.0 1.0 1.0 0.0 0.0 0 1
1.0 1.0 1.0 1.0 1.0 1.0 1.0 0.0 0 1
1.0 1.0 1.0 0.0 1.0 1.0 0.0 0.0 0 2
1.0 1.0 2.0 1.0 1.0 2.0 2.0 0.0 0 4
1.0 1.0 0.0 1.0 1.0 0.0 1.0 0.0 0 1
1.0 1.0 1.0 1.0 1.0 1.0 1.0 0.0 0 54
1.0 1.0 0.0 1.0 1.0 1.0 0.0 0.0 0 31
1.0 1.0 2.0 1.0 1.0 3.0 0.0 0.0 0 1
1.0 1.0 3.0 1.0 1.0 4.0 0.0 0.0 0 1
1.0 1.0 0.0 0.0 1.0 1.0 0.0 0.0 0 1
1.0 1.0 2.0 1.0 1.0 3.0 2.0 0.0 0 1
1.0 1.0 4.0 1.0 1.0 3.0 1.0 0.0 0 1
1.0 1.0 2.0 0.0 1.0 1.0 1.0 0.0 0 1
1.0 1.0 2.0 1.0 1.0 1.0 2.0 0.0 0 32
1.0 1.0 2.0 1.0 1.0 1.0 1.0 0.0 0 1
1.0 1.0 4.0 1.0 1.0 3.0 1.0 0.0 0 1
1.0 1.0 1.0 0.0 1.0 1.0 0.0 0.0 0 4
1.0 1.0 1.0 1.0 1.0 1.0 1.0 0.0 0 57
1.0 1.0 3.0 1.0 1.0 3.0 1.0 0.0 0 1
1.0 1.0 1.0 0.0 1.0 1.0 1.0 0.0 0 1
1.0 1.0 2.0 1.0 1.0 2.0 1.0 0.0 1 1
1.0 1.0 1.0 1.0 1.0 1.0 1.0 0.0 1 2
1.0 1.0 0.0 1.0 1.0 1.0 0.0 0.0 1 1
1.0 1.0 2.0 0.0 1.0 1.0 0.0 0.0 1 1
1.0 1.0 3.0 0.0 1.0 2.0 0.0 0.0 1 1
1.0 1.0 2.0 1.0 1.0 1.0 1.0 0.0 1 1
1.0 1.0 0.0 1.0 1.0 0.0 1.0 0.0 1 1
1.0 1.0 1.0 1.0 1.0 1.0 1.0 0.0 1 1
1.0 1.0 3.0 1.0 1.0 3.0 1.0 0.0 1 1
1.0 1.0 0.0 2.0 1.0 0.0 1.0 0.0 1 1
1.0 1.0 0.0 0.0 1.0 0.0 1.0 0.0 1 1
1.0 2.0 2.0 0.0 1.0 2.0 0.0 0.0 0 1
1.0 2.0 1.0 1.0 1.0 1.0 0.0 0.0 0 1
1.0 2.0 2.0 1.0 1.0 2.0 1.0 0.0 0 3
1.0 2.0 1.0 1.0 1.0 1.0 1.0 0.0 0 1
1.0 2.0 2.0 2.0 1.0 2.0 1.0 0.0 0 1
1.0 2.0 2.0 0.0 1.0 2.0 1.0 0.0 0 5
1.0 2.0 0.0 1.0 1.0 0.0 2.0 0.0 0 2
1.0 2.0 2.0 1.0 1.0 2.0 2.0 0.0 0 155
1.0 2.0 1.0 1.0 1.0 1.0 2.0 0.0 0 2
1.0 2.0 3.0 1.0 1.0 3.0 2.0 0.0 0 1
1.0 2.0 1.0 0.0 1.0 2.0 0.0 0.0 0 1
1.0 2.0 0.0 1.0 1.0 1.0 0.0 0.0 0 1
1.0 2.0 1.0 1.0 1.0 2.0 1.0 0.0 0 44
1.0 2.0 0.0 0.0 1.0 1.0 0.0 0.0 0 1
1.0 2.0 2.0 1.0 1.0 3.0 2.0 0.0 0 1
1.0 2.0 1.0 1.0 1.0 2.0 2.0 0.0 0 1
1.0 2.0 1.0 1.0 1.0 2.0 1.0 0.0 0 1
1.0 2.0 3.0 1.0 1.0 2.0 2.0 0.0 0 3
1.0 2.0 1.0 1.0 1.0 0.0 1.0 0.0 0 1
1.0 2.0 4.0 1.0 1.0 3.0 1.0 0.0 0 1
1.0 2.0 2.0 1.0 1.0 2.0 1.0 0.0 0 1
1.0 2.0 1.0 1.0 1.0 1.0 1.0 0.0 0 1
1.0 2.0 3.0 0.0 1.0 3.0 0.0 0.0 1 1
1.0 2.0 1.0 1.0 1.0 1.0 2.0 0.0 1 4
1.0 2.0 3.0 1.0 1.0 3.0 2.0 0.0 1 2
1.0 2.0 0.0 1.0 1.0 1.0 1.0 0.0 1 1
1.0 2.0 3.0 1.0 1.0 4.0 1.0 0.0 1 1
1.0 2.0 0.0 1.0 1.0 1.0 2.0 0.0 1 1
1.0 2.0 1.0 1.0 1.0 2.0 2.0 0.0 1 3
1.0 2.0 4.0 1.0 1.0 3.0 0.0 0.0 1 1
1.0 2.0 4.0 0.0 1.0 3.0 1.0 0.0 1 1
1.0 2.0 3.0 1.0 1.0 2.0 2.0 0.0 1 1
1.0 2.0 2.0 1.0 1.0 1.0 2.0 0.0 1 1
1.0 2.0 3.0 1.0 1.0 2.0 1.0 0.0 1 1
1.0 2.0 1.0 1.0 1.0 1.0 2.0 0.0 1 1
1.0 0.0 0.0 1.0 1.0 0.0 0.0 0.0 0 11
1.0 0.0 1.0 1.0 1.0 1.0 1.0 0.0 0 1
1.0 0.0 1.0 1.0 1.0 2.0 1.0 0.0 0 1
1.0 0.0 1.0 1.0 1.0 0.0 1.0 0.0 0 4
1.0 0.0 1.0 1.0 0.0 1.0 1.0 0.0 0 3
1.0 0.0 1.0 1.0 0.0 2.0 1.0 0.0 0 2
1.0 0.0 1.0 0.0 0.0 2.0 1.0 0.0 0 1
1.0 0.0 1.0 1.0 0.0 2.0 1.0 0.0 0 1
1.0 0.0 0.0 1.0 0.0 0.0 0.0 0.0 1 1
1.0 0.0 1.0 1.0 0.0 1.0 0.0 0.0 1 1
1.0 0.0 3.0 2.0 0.0 4.0 1.0 0.0 1 1
1.0 0.0 2.0 0.0 0.0 2.0 0.0 0.0 1 1
1.0 1.0 1.0 1.0 2.0 1.0 1.0 0.0 0 1
1.0 1.0 1.0 1.0 2.0 1.0 1.0 0.0 0 1
1.0 1.0 1.0 1.0 2.0 0.0 1.0 0.0 0 2
1.0 1.0 3.0 1.0 2.0 3.0 1.0 0.0 1 1
1.0 1.0 1.0 2.0 2.0 2.0 1.0 0.0 1 1
1.0 1.0 1.0 0.0 1.0 1.0 0.0 0.0 0 2
1.0 1.0 0.0 1.0 1.0 0.0 0.0 0.0 0 1
1.0 1.0 1.0 1.0 1.0 1.0 1.0 0.0 0 112
1.0 1.0 3.0 1.0 1.0 3.0 1.0 0.0 0 2
1.0 1.0 1.0 0.0 1.0 1.0 1.0 0.0 0 1
1.0 1.0 2.0 1.0 1.0 2.0 2.0 0.0 0 1
1.0 1.0 1.0 1.0 1.0 1.0 2.0 0.0 0 1
1.0 1.0 1.0 1.0 1.0 1.0 1.0 0.0 0 1
1.0 1.0 1.0 0.0 1.0 2.0 0.0 0.0 0 1
1.0 1.0 0.0 1.0 1.0 1.0 0.0 0.0 0 2
1.0 1.0 3.0 1.0 1.0 4.0 0.0 0.0 0 1
1.0 1.0 1.0 1.0 1.0 2.0 1.0 0.0 0 1
1.0 1.0 2.0 1.0 1.0 3.0 2.0 0.0 0 2
1.0 1.0 1.0 1.0 1.0 0.0 1.0 0.0 0 1
1.0 1.0 2.0 0.0 1.0 1.0 0.0 0.0 0 1
1.0 1.0 2.0 1.0 1.0 1.0 2.0 0.0 0 1
1.0 1.0 1.0 1.0 1.0 1.0 1.0 0.0 0 1
1.0 1.0 2.0 0.0 1.0 2.0 0.0 0.0 1 1
1.0 1.0 0.0 1.0 1.0 0.0 1.0 0.0 1 1
1.0 1.0 2.0 1.0 1.0 2.0 1.0 0.0 1 1
1.0 1.0 2.0 0.0 1.0 2.0 0.0 0.0 1 1
1.0 1.0 0.0 1.0 1.0 0.0 1.0 0.0 1 1
1.0 1.0 0.0 0.0 1.0 1.0 1.0 0.0 1 1
1.0 1.0 1.0 1.0 1.0 0.0 2.0 0.0 1 1
1.0 1.0 3.0 1.0 1.0 3.0 1.0 0.0 1 1
1.0 1.0 3.0 0.0 1.0 3.0 1.0 0.0 1 1
0.0 0.0 2.0 1.0 0.0 1.0 2.0 0.0 0 1
0.0 0.0 1.0 0.0 0.0 1.0 0.0 0.0 0 1
0.0 1.0 0.0 1.0 0.0 0.0 2.0 0.0 0 1
0.0 1.0 1.0 1.0 1.0 2.0 1.0 0.0 0 1
0.0 0.0 1.0 1.0 0.0 1.0 1.0 0.0 0 1
0.0 0.0 1.0 1.0 0.0 2.0 1.0 0.0 0 1
