0.0 0.0 2.0 1.0 0.0 2.0 2.0 0.0 0 2
0.0 1.0 2.0 0.0 0.0 2.0 1.0 0.0 0 1
0.0 1.0 2.0 1.0 0.0 2.0 2.0 0.0 0 1
0.0 1.0 0.0 1.0 0.0 0.0 2.0 0.0 1 1
0.0 1.0 3.0 0.0 0.0 3.0 1.0 0.0 1 1
0.0 1.0 2.0 1.0 1.0 2.0 2.0 0.0 0 3
0.0 1.0 1.0 1.0 1.0 0.0 1.0 0.0 0 1
0.0 2.0 2.0 1.0 1.0 2.0 1.0 0.0 0 1
0.0 2.0 2.0 1.0 1.0 2.0 2.0 0.0 0 4
0.0 2.0 1.0 1.0 1.0 2.0 1.0 0.0 0 2
0.0 2.0 2.0 1.0 1.0 1.0 2.0 0.0 0 1
0.0 2.0 3.0 1.0 1.0 3.0 1.0 0.0 0 1
0.0 0.0 2.0 1.0 1.0 2.0 2.0 0.0 0 1
0.0 0.0 2.0 1.0 0.0 2.0 2.0 0.0 0 3
0.0 0.0 2.0 1.0 0.0 3.0 2.0 0.0 0 1
0.0 0.0 1.0 1.0 0.0 2.0 2.0 0.0 0 1
0.0 1.0 2.0 1.0 2.0 2.0 2.0 0.0 0 2
0.0 1.0 2.0 1.0 2.0 3.0 2.0 0.0 0 1
0.0 1.0 4.0 0.0 2.0 3.0 1.0 0.0 1 1
0.0 1.0 1.0 1.0 1.0 2.0 1.0 0.0 0 1
0.0 1.0 3.0 1.0 1.0 4.0 1.0 0.0 0 1
0.0 1.0 2.0 1.0 1.0 3.0 2.0 0.0 0 2
0.0 1.0 1.0 1.0 1.0 1.0 2.0 0.0 0 1
0.0 1.0 2.0 1.0 1.0 3.0 0.0 0.0 1 1
0.0 1.0 1.0 1.0 1.0 2.0 2.0 0.0 1 2
0.0 2.0 2.0 1.0 1.0 3.0 1.0 1.0 0 1
0.0 2.0 2.0 1.0 1.0 2.0 2.0 1.0 0 1
0.0 0.0 2.0 1.0 1.0 1.0 2.0 1.0 0 1
0.0 0.0 2.0 1.0 1.0 2.0 1.0 1.0 0 1
0.0 0.0 2.0 1.0 0.0 3.0 2.0 1.0 0 1
0.0 0.0 2.0 1.0 0.0 2.0 2.0 1.0 0 1
0.0 1.0 2.0 1.0 2.0 1.0 2.0 1.0 0 1
0.0 1.0 2.0 1.0 1.0 2.0 2.0 1.0 0 1
0.0 1.0 3.0 1.0 1.0 2.0 1.0 1.0 0 1
0.0 1.0 2.0 1.0 1.0 1.0 2.0 1.0 0 1
0.0 1.0 2.0 1.0 1.0 2.0 2.0 1.0 0 1
1.0 0.0 2.0 1.0 0.0 2.0 1.0 0.0 0 1
1.0 0.0 2.0 1.0 0.0 2.0 2.0 0.0 0 7
1.0 0.0 2.0 1.0 0.0 1.0 2.0 0.0 0 1
1.0 0.0 3.0 0.0 0.0 3.0 1.0 0.0 0 2
1.0 0.0 2.0 0.0 0.0 2.0 1.0 0.0 1 1
1.0 0.0 3.0 1.0 0.0 3.0 2.0 0.0 1 1
1.0 0.0 2.0 1.0 0.0 2.0 1.0 0.0 1 1
1.0 0.0 2.0 0.0 0.0 3.0 0.0 0.0 1 1
1.0 0.0 3.0 1.0 0.0 4.0 1.0 0.0 1 1
1.0 0.0 3.0 1.0 0.0 2.0 1.0 0.0 1 1
1.0 0.0 3.0 0.0 0.0 2.0 1.0 0.0 1 1
1.0 0.0 4.0 0.0 0.0 3.0 1.0 0.0 1 1
1.0 0.0 3.0 0.0 0.0 3.0 0.0 0.0 1 1
1.0 0.0 1.0 1.0 0.0 1.0 1.0 0.0 1 1
1.0 1.0 2.0 1.0 0.0 2.0 1.0 0.0 0 2
1.0 1.0 1.0 2.0 0.0 1.0 1.0 0.0 0 1
1.0 1.0 2.0 0.0 0.0 2.0 1.0 0.0 0 3
1.0 1.0 1.0 0.0 0.0 1.0 0.0 0.0 0 1
1.0 1.0 2.0 1.0 0.0 2.0 2.0 0.0 0 20
1.0 1.0 2.0 1.0 0.0 3.0 2.0 0.0 0 1
1.0 1.0 3.0 1.0 0.0 3.0 1.0 0.0 1 1
1.0 1.0 0.0 1.0 0.0 0.0 2.0 0.0 1 2
1.0 1.0 2.0 1.0 0.0 2.0 2.0 0.0 1 1
1.0 1.0 1.0 1.0 0.0 1.0 2.0 0.0 1 1
1.0 1.0 0.0 0.0 0.0 1.0 0.0 0.0 1 1
1.0 1.0 1.0 1.0 0.0 2.0 1.0 0.0 1 1
1.0 1.0 3.0 1.0 0.0 4.0 1.0 0.0 1 1
1.0 1.0 3.0 0.0 0.0 4.0 0.0 0.0 1 1
1.0 1.0 2.0 1.0 0.0 3.0 2.0 0.0 1 1
1.0 1.0 1.0 2.0 0.0 0.0 1.0 0.0 1 1
1.0 1.0 4.0 1.0 0.0 3.0 2.0 0.0 1 1
1.0 1.0 2.0 1.0 0.0 2.0 1.0 0.0 1 1
1.0 1.0 2.0 0.0 1.0 2.0 0.0 0.0 0 1
1.0 1.0 2.0 0.0 1.0 2.0 1.0 0.0 0 1
1.0 1.0 2.0 1.0 1.0 2.0 2.0 0.0 0 12
1.0 1.0 1.0 1.0 1.0 1.0 1.0 0.0 0 2
1.0 1.0 3.0 1.0 1.0 3.0 1.0 0.0 0 1
1.0 1.0 1.0 1.0 1.0 2.0 1.0 0.0 0 1
1.0 1.0 3.0 0.0 1.0 2.0 0.0 0.0 0 1
1.0 1.0 2.0 2.0 1.0 1.0 1.0 0.0 0 1
1.0 1.0 2.0 0.0 1.0 1.0 1.0 0.0 0 2
1.0 1.0 2.0 0.0 1.0 1.0 0.0 0.0 0 1
1.0 1.0 3.0 1.0 1.0 2.0 2.0 0.0 0 1
1.0 1.0 2.0 1.0 1.0 1.0 2.0 0.0 0 27
1.0 1.0 4.0 1.0 1.0 3.0 2.0 0.0 0 1
1.0 1.0 1.0 1.0 1.0 1.0 1.0 0.0 0 2
1.0 1.0 1.0 1.0 1.0 1.0 1.0 0.0 0 1
1.0 1.0 3.0 0.0 1.0 3.0 0.0 0.0 1 1
1.0 1.0 1.0 1.0 1.0 1.0 2.0 0.0 1 1
1.0 1.0 1.0 0.0 1.0 2.0 1.0 0.0 1 1
1.0 1.0 2.0 1.0 1.0 1.0 1.0 0.0 1 1
1.0 1.0 1.0 1.0 1.0 0.0 2.0 0.0 1 1
1.0 1.0 2.0 0.0 1.0 2.0 0.0 0.0 1 1
1.0 1.0 2.0 1.0 1.0 2.0 2.0 0.0 1 1
1.0 2.0 2.0 0.0 1.0 2.0 0.0 0.0 0 2
1.0 2.0 0.0 1.0 1.0 0.0 0.0 0.0 0 1
1.0 2.0 2.0 1.0 1.0 2.0 0.0 0.0 0 2
1.0 2.0 0.0 1.0 1.0 0.0 1.0 0.0 0 1
1.0 2.0 2.0 1.0 1.0 2.0 1.0 0.0 0 18
1.0 2.0 1.0 1.0 1.0 1.0 1.0 0.0 0 2
1.0 2.0 2.0 2.0 1.0 2.0 1.0 0.0 0 1
1.0 2.0 0.0 0.0 1.0 0.0 1.0 0.0 0 2
1.0 2.0 2.0 0.0 1.0 2.0 1.0 0.0 0 35
1.0 2.0 3.0 0.0 1.0 3.0 1.0 0.0 0 1
1.0 2.0 2.0 0.0 1.0 2.0 0.0 0.0 0 3
1.0 2.0 3.0 0.0 1.0 3.0 0.0 0.0 0 1
1.0 2.0 0.0 1.0 1.0 0.0 2.0 0.0 0 8
1.0 2.0 2.0 1.0 1.0 2.0 2.0 0.0 0 455
1.0 2.0 1.0 1.0 1.0 1.0 2.0 0.0 0 5
1.0 2.0 3.0 1.0 1.0 3.0 2.0 0.0 0 7
1.0 2.0 2.0 1.0 1.0 2.0 1.0 0.0 0 7
1.0 2.0 2.0 0.0 1.0 3.0 0.0 0.0 0 1
1.0 2.0 1.0 0.0 1.0 2.0 0.0 0.0 0 2
1.0 2.0 0.0 1.0 1.0 1.0 0.0 0.0 0 1
1.0 2.0 2.0 1.0 1.0 3.0 1.0 0.0 0 1
1.0 2.0 1.0 1.0 1.0 2.0 1.0 0.0 0 34
1.0 2.0 2.0 0.0 1.0 3.0 1.0 0.0 0 1
1.0 2.0 1.0 0.0 1.0 2.0 0.0 0.0 0 1
1.0 2.0 2.0 1.0 1.0 3.0 2.0 0.0 0 13
1.0 2.0 1.0 1.0 1.0 2.0 2.0 0.0 0 10
1.0 2.0 3.0 1.0 1.0 4.0 2.0 0.0 0 3
1.0 2.0 3.0 2.0 1.0 2.0 1.0 0.0 0 3
1.0 2.0 3.0 0.0 1.0 2.0 0.0 0.0 0 1
1.0 2.0 3.0 1.0 1.0 2.0 1.0 0.0 0 7
1.0 2.0 4.0 1.0 1.0 3.0 1.0 0.0 0 1
1.0 2.0 2.0 1.0 1.0 2.0 0.0 0.0 0 1
1.0 2.0 2.0 1.0 1.0 2.0 1.0 0.0 0 1
1.0 2.0 1.0 1.0 1.0 1.0 1.0 0.0 0 1
1.0 2.0 0.0 1.0 1.0 0.0 1.0 0.0 0 2
1.0 2.0 2.0 1.0 1.0 2.0 1.0 0.0 1 2
1.0 2.0 0.0 2.0 1.0 0.0 1.0 0.0 1 1
1.0 2.0 2.0 0.0 1.0 2.0 1.0 0.0 1 2
1.0 2.0 3.0 0.0 1.0 3.0 1.0 0.0 1 1
1.0 2.0 3.0 0.0 1.0 3.0 0.0 0.0 1 1
1.0 2.0 0.0 1.0 1.0 0.0 2.0 0.0 1 4
1.0 2.0 2.0 1.0 1.0 2.0 2.0 0.0 1 5
1.0 2.0 1.0 1.0 1.0 1.0 2.0 0.0 1 13
1.0 2.0 3.0 1.0 1.0 3.0 2.0 0.0 1 12
1.0 2.0 2.0 1.0 1.0 2.0 1.0 0.0 1 1
1.0 2.0 3.0 1.0 1.0 3.0 1.0 0.0 1 1
1.0 2.0 3.0 0.0 1.0 4.0 0.0 0.0 1 1
1.0 2.0 1.0 2.0 1.0 2.0 1.0 0.0 1 1
1.0 2.0 0.0 0.0 1.0 1.0 1.0 0.0 1 1
1.0 2.0 1.0 0.0 1.0 2.0 0.0 0.0 1 1
1.0 2.0 0.0 1.0 1.0 1.0 2.0 0.0 1 2
1.0 2.0 2.0 1.0 1.0 3.0 2.0 0.0 1 3
1.0 2.0 1.0 1.0 1.0 2.0 2.0 0.0 1 1
1.0 2.0 2.0 1.0 1.0 1.0 1.0 0.0 1 1
1.0 2.0 4.0 0.0 1.0 3.0 1.0 0.0 1 4
1.0 2.0 4.0 0.0 1.0 3.0 0.0 0.0 1 1
1.0 2.0 3.0 1.0 1.0 2.0 2.0 0.0 1 3
1.0 2.0 2.0 1.0 1.0 1.0 2.0 0.0 1 1
1.0 2.0 3.0 1.0 1.0 2.0 1.0 0.0 1 1
1.0 2.0 2.0 1.0 1.0 1.0 1.0 0.0 1 1
1.0 2.0 4.0 1.0 1.0 3.0 1.0 0.0 1 2
1.0 2.0 3.0 0.0 1.0 3.0 0.0 0.0 1 1
1.0 2.0 0.0 2.0 1.0 0.0 1.0 0.0 1 1
1.0 2.0 2.0 2.0 1.0 2.0 1.0 0.0 1 1
1.0 2.0 1.0 2.0 1.0 1.0 1.0 0.0 1 1
1.0 2.0 0.0 0.0 1.0 0.0 1.0 0.0 1 1
1.0 2.0 2.0 0.0 1.0 2.0 1.0 0.0 1 2
1.0 2.0 3.0 0.0 1.0 3.0 1.0 0.0 1 1
1.0 2.0 3.0 1.0 1.0 3.0 1.0 0.0 1 1
1.0 0.0 2.0 0.0 1.0 2.0 1.0 0.0 0 1
1.0 0.0 2.0 1.0 1.0 2.0 2.0 0.0 0 5
1.0 0.0 3.0 2.0 1.0 4.0 1.0 0.0 0 1
1.0 0.0 1.0 0.0 1.0 2.0 1.0 0.0 0 1
1.0 0.0 2.0 1.0 1.0 1.0 2.0 0.0 0 1
1.0 0.0 3.0 1.0 1.0 2.0 1.0 0.0 0 1
1.0 0.0 2.0 1.0 1.0 2.0 2.0 0.0 1 1
1.0 0.0 3.0 0.0 1.0 2.0 0.0 0.0 1 1
1.0 0.0 2.0 1.0 1.0 1.0 1.0 0.0 1 1
1.0 0.0 4.0 1.0 1.0 3.0 1.0 0.0 1 1
1.0 0.0 2.0 0.0 1.0 2.0 0.0 0.0 1 1
1.0 0.0 1.0 0.0 1.0 1.0 0.0 0.0 1 1
1.0 0.0 3.0 1.0 1.0 3.0 1.0 0.0 1 1
1.0 0.0 2.0 1.0 0.0 2.0 2.0 0.0 0 2
1.0 0.0 1.0 0.0 0.0 2.0 0.0 0.0 0 2
1.0 0.0 1.0 1.0 0.0 2.0 1.0 0.0 0 1
1.0 0.0 0.0 1.0 0.0 1.0 2.0 0.0 0 2
1.0 0.0 2.0 1.0 0.0 3.0 2.0 0.0 0 2
1.0 0.0 2.0 1.0 0.0 1.0 2.0 0.0 0 1
1.0 0.0 2.0 1.0 0.0 1.0 1.0 0.0 0 1
1.0 0.0 0.0 0.0 0.0 0.0 0.0 0.0 0 2
1.0 0.0 3.0 1.0 0.0 3.0 0.0 0.0 1 1
1.0 0.0 2.0 2.0 0.0 2.0 1.0 0.0 1 1
1.0 0.0 3.0 0.0 0.0 3.0 0.0 0.0 1 1
1.0 0.0 2.0 0.0 0.0 3.0 0.0 0.0 1 1
1.0 0.0 1.0 0.0 0.0 0.0 0.0 0.0 1 1
1.0 0.0 3.0 2.0 0.0 2.0 1.0 0.0 1 1
1.0 0.0 1.0 2.0 0.0 1.0 1.0 0.0 1 1
1.0 1.0 2.0 1.0 2.0 2.0 2.0 0.0 0 2
1.0 1.0 1.0 1.0 2.0 1.0 2.0 0.0 0 1
1.0 1.0 2.0 1.0 2.0 3.0 2.0 0.0 0 2
1.0 1.0 2.0 1.0 2.0 1.0 2.0 0.0 0 1
1.0 1.0 3.0 1.0 2.0 3.0 1.0 0.0 0 1
1.0 1.0 0.0 2.0 2.0 0.0 1.0 0.0 0 1
1.0 1.0 1.0 0.0 2.0 1.0 0.0 0.0 0 1
1.0 1.0 1.0 1.0 2.0 1.0 2.0 0.0 0 1
1.0 1.0 2.0 1.0 2.0 2.0 2.0 0.0 1 1
1.0 1.0 3.0 0.0 2.0 4.0 1.0 0.0 1 1
1.0 1.0 3.0 0.0 2.0 2.0 0.0 0.0 1 2
1.0 1.0 2.0 1.0 2.0 1.0 1.0 0.0 1 1
1.0 1.0 3.0 0.0 2.0 2.0 1.0 0.0 1 1
1.0 1.0 2.0 0.0 2.0 2.0 0.0 0.0 1 2
1.0 1.0 2.0 0.0 2.0 2.0 1.0 0.0 1 1
1.0 1.0 3.0 0.0 2.0 3.0 1.0 0.0 1 1
1.0 1.0 1.0 0.0 1.0 1.0 0.0 0.0 0 1
1.0 1.0 1.0 1.0 1.0 1.0 1.0 0.0 0 3
1.0 1.0 2.0 0.0 1.0 2.0 0.0 0.0 0 1
1.0 1.0 2.0 1.0 1.0 2.0 2.0 0.0 0 7
1.0 1.0 2.0 1.0 1.0 2.0 1.0 0.0 0 1
1.0 1.0 3.0 0.0 1.0 4.0 0.0 0.0 0 1
1.0 1.0 2.0 0.0 1.0 3.0 1.0 0.0 0 2
1.0 1.0 2.0 1.0 1.0 3.0 2.0 0.0 0 3
1.0 1.0 2.0 1.0 1.0 1.0 2.0 0.0 0 2
1.0 1.0 1.0 1.0 1.0 1.0 1.0 0.0 0 2
1.0 1.0 3.0 2.0 1.0 3.0 1.0 0.0 0 1
1.0 1.0 2.0 1.0 1.0 2.0 0.0 0.0 1 1
1.0 1.0 0.0 1.0 1.0 0.0 1.0 0.0 1 1
1.0 1.0 1.0 0.0 1.0 1.0 1.0 0.0 1 1
1.0 1.0 0.0 1.0 1.0 0.0 2.0 0.0 1 1
1.0 1.0 3.0 0.0 1.0 4.0 0.0 0.0 1 2
1.0 1.0 3.0 1.0 1.0 4.0 2.0 0.0 1 1
1.0 1.0 1.0 1.0 1.0 0.0 1.0 0.0 1 1
1.0 1.0 2.0 0.0 1.0 1.0 0.0 0.0 1 1
1.0 1.0 2.0 1.0 1.0 1.0 2.0 0.0 1 1
1.0 1.0 4.0 1.0 1.0 3.0 2.0 0.0 1 1
1.0 1.0 2.0 0.0 1.0 2.0 0.0 0.0 1 1
0.0 0.0 2.0 1.0 0.0 2.0 2.0 0.0 0 1
0.0 1.0 2.0 0.0 0.0 2.0 1.0 0.0 0 1
0.0 1.0 2.0 1.0 0.0 2.0 2.0 0.0 0 3
0.0 1.0 3.0 0.0 0.0 2.0 0.0 0.0 0 1
0.0 1.0 1.0 1.0 0.0 1.0 2.0 0.0 1 1
0.0 1.0 2.0 1.0 1.0 2.0 2.0 0.0 0 1
0.0 2.0 2.0 1.0 1.0 2.0 2.0 0.0 0 2
0.0 2.0 3.0 1.0 1.0 2.0 1.0 0.0 0 1
0.0 2.0 2.0 1.0 1.0 2.0 2.0 0.0 0 1
0.0 2.0 0.0 1.0 1.0 0.0 1.0 0.0 1 1
0.0 0.0 2.0 1.0 1.0 2.0 2.0 0.0 0 1
0.0 0.0 2.0 1.0 0.0 2.0 2.0 0.0 0 3
0.0 0.0 4.0 0.0 0.0 3.0 0.0 0.0 1 1
0.0 1.0 2.0 1.0 2.0 2.0 2.0 0.0 0 2
0.0 1.0 0.0 1.0 2.0 1.0 1.0 0.0 0 1
0.0 1.0 2.0 1.0 2.0 3.0 2.0 0.0 0 1
0.0 1.0 2.0 1.0 2.0 2.0 2.0 0.0 0 1
0.0 1.0 2.0 1.0 1.0 2.0 1.0 0.0 0 1
