0.0 0.0 0.0 0.0 0.0 0.0 0.0 0.0 0 89
0.0 0.0 2.0 0.0 0.0 2.0 0.0 0.0 0 3
0.0 0.0 1.0 0.0 0.0 1.0 0.0 0.0 0 8
0.0 0.0 3.0 0.0 0.0 3.0 0.0 0.0 0 7
0.0 0.0 0.0 1.0 0.0 0.0 0.0 0.0 0 7
0.0 0.0 0.0 1.0 0.0 0.0 1.0 0.0 0 57
0.0 0.0 2.0 1.0 0.0 2.0 1.0 0.0 0 3
0.0 0.0 3.0 1.0 0.0 3.0 1.0 0.0 0 7
0.0 0.0 0.0 2.0 0.0 0.0 1.0 0.0 0 7
0.0 0.0 3.0 2.0 0.0 3.0 1.0 0.0 0 1
0.0 0.0 0.0 0.0 0.0 0.0 1.0 0.0 0 27
0.0 0.0 1.0 0.0 0.0 1.0 1.0 0.0 0 2
0.0 0.0 0.0 0.0 0.0 0.0 0.0 0.0 0 2
0.0 0.0 0.0 1.0 0.0 0.0 2.0 0.0 0 5
0.0 0.0 3.0 1.0 0.0 3.0 2.0 0.0 0 3
0.0 0.0 0.0 1.0 0.0 0.0 1.0 0.0 0 1
0.0 0.0 0.0 0.0 0.0 1.0 0.0 0.0 0 2
0.0 0.0 2.0 0.0 0.0 3.0 0.0 0.0 0 2
0.0 0.0 3.0 0.0 0.0 4.0 0.0 0.0 0 1
0.0 0.0 0.0 1.0 0.0 1.0 1.0 0.0 0 2
0.0 0.0 2.0 1.0 0.0 3.0 1.0 0.0 0 2
0.0 0.0 1.0 1.0 0.0 2.0 1.0 0.0 0 2
0.0 0.0 0.0 2.0 0.0 1.0 1.0 0.0 0 1
0.0 0.0 0.0 0.0 0.0 1.0 1.0 0.0 0 1
0.0 0.0 2.0 0.0 0.0 3.0 1.0 0.0 0 6
0.0 0.0 1.0 0.0 0.0 2.0 1.0 0.0 0 1
0.0 0.0 0.0 0.0 0.0 1.0 0.0 0.0 0 1
0.0 0.0 0.0 1.0 0.0 1.0 2.0 0.0 0 2
0.0 0.0 2.0 1.0 0.0 3.0 2.0 0.0 0 3
0.0 0.0 3.0 1.0 0.0 4.0 2.0 0.0 0 1
0.0 0.0 2.0 1.0 0.0 3.0 1.0 0.0 0 2
0.0 0.0 1.0 1.0 0.0 0.0 0.0 0.0 0 1
0.0 0.0 4.0 1.0 0.0 3.0 0.0 0.0 0 1
0.0 0.0 1.0 1.0 0.0 0.0 1.0 0.0 0 1
0.0 0.0 3.0 1.0 0.0 2.0 1.0 0.0 0 2
0.0 0.0 3.0 2.0 0.0 2.0 1.0 0.0 0 1
0.0 0.0 2.0 2.0 0.0 1.0 1.0 0.0 0 1
0.0 0.0 1.0 0.0 0.0 0.0 0.0 0.0 0 2
0.0 0.0 1.0 1.0 0.0 0.0 2.0 0.0 0 1
0.0 0.0 2.0 1.0 0.0 1.0 1.0 0.0 0 1
0.0 0.0 0.0 1.0 0.0 0.0 0.0 0.0 0 1
0.0 0.0 3.0 1.0 0.0 3.0 1.0 0.0 0 1
0.0 0.0 1.0 2.0 0.0 1.0 1.0 0.0 0 1
0.0 0.0 0.0 0.0 0.0 0.0 0.0 0.0 0 1
0.0 0.0 2.0 0.0 0.0 2.0 0.0 0.0 0 1
0.0 0.0 1.0 0.0 0.0 1.0 0.0 0.0 0 1
0.0 0.0 0.0 1.0 0.0 0.0 2.0 0.0 0 1
0.0 0.0 2.0 1.0 0.0 2.0 2.0 0.0 0 1
0.0 0.0 0.0 0.0 0.0 0.0 0.0 0.0 1 3
0.0 0.0 2.0 0.0 0.0 2.0 0.0 0.0 1 12
0.0 0.0 1.0 0.0 0.0 1.0 0.0 0.0 1 51
0.0 0.0 3.0 0.0 0.0 3.0 0.0 0.0 1 4
0.0 0.0 2.0 1.0 0.0 2.0 0.0 0.0 1 2
0.0 0.0 1.0 1.0 0.0 1.0 0.0 0.0 1 5
0.0 0.0 0.0 1.0 0.0 0.0 1.0 0.0 1 1
0.0 0.0 2.0 1.0 0.0 2.0 1.0 0.0 1 3
0.0 0.0 1.0 1.0 0.0 1.0 1.0 0.0 1 19
0.0 0.0 3.0 1.0 0.0 3.0 1.0 0.0 1 1
0.0 0.0 2.0 2.0 0.0 2.0 1.0 0.0 1 2
0.0 0.0 1.0 2.0 0.0 1.0 1.0 0.0 1 6
0.0 0.0 0.0 0.0 0.0 0.0 1.0 0.0 1 1
0.0 0.0 2.0 0.0 0.0 2.0 1.0 0.0 1 7
0.0 0.0 1.0 0.0 0.0 1.0 1.0 0.0 1 10
0.0 0.0 3.0 0.0 0.0 3.0 1.0 0.0 1 4
0.0 0.0 2.0 0.0 0.0 2.0 0.0 0.0 1 1
0.0 0.0 3.0 0.0 0.0 3.0 0.0 0.0 1 1
0.0 0.0 0.0 1.0 0.0 0.0 2.0 0.0 1 1
0.0 0.0 2.0 1.0 0.0 2.0 2.0 0.0 1 1
0.0 0.0 1.0 1.0 0.0 1.0 2.0 0.0 1 6
0.0 0.0 1.0 1.0 0.0 1.0 1.0 0.0 1 2
0.0 0.0 3.0 1.0 0.0 3.0 1.0 0.0 1 1
0.0 0.0 0.0 0.0 0.0 1.0 0.0 0.0 1 4
0.0 0.0 2.0 0.0 0.0 3.0 0.0 0.0 1 5
0.0 0.0 1.0 0.0 0.0 2.0 0.0 0.0 1 1
0.0 0.0 3.0 0.0 0.0 4.0 0.0 0.0 1 1
0.0 0.0 1.0 1.0 0.0 2.0 0.0 0.0 1 2
0.0 0.0 3.0 1.0 0.0 4.0 0.0 0.0 1 1
0.0 0.0 0.0 1.0 0.0 1.0 1.0 0.0 1 4
0.0 0.0 2.0 1.0 0.0 3.0 1.0 0.0 1 2
0.0 0.0 1.0 1.0 0.0 2.0 1.0 0.0 1 1
0.0 0.0 3.0 1.0 0.0 4.0 1.0 0.0 1 1
0.0 0.0 2.0 2.0 0.0 3.0 1.0 0.0 1 1
0.0 0.0 3.0 2.0 0.0 4.0 1.0 0.0 1 1
0.0 0.0 0.0 0.0 0.0 1.0 1.0 0.0 1 2
0.0 0.0 2.0 0.0 0.0 3.0 1.0 0.0 1 2
0.0 0.0 1.0 0.0 0.0 2.0 1.0 0.0 1 4
0.0 0.0 2.0 1.0 0.0 3.0 2.0 0.0 1 2
0.0 0.0 1.0 1.0 0.0 2.0 2.0 0.0 1 1
0.0 0.0 0.0 1.0 0.0 1.0 1.0 0.0 1 1
0.0 0.0 1.0 0.0 0.0 0.0 0.0 0.0 1 1
0.0 0.0 2.0 0.0 0.0 1.0 0.0 0.0 1 1
0.0 0.0 1.0 1.0 0.0 0.0 0.0 0.0 1 1
0.0 0.0 3.0 1.0 0.0 2.0 0.0 0.0 1 1
0.0 0.0 2.0 1.0 0.0 1.0 0.0 0.0 1 4
0.0 0.0 4.0 1.0 0.0 3.0 0.0 0.0 1 1
0.0 0.0 2.0 1.0 0.0 1.0 1.0 0.0 1 2
0.0 0.0 2.0 2.0 0.0 1.0 1.0 0.0 1 1
0.0 0.0 4.0 2.0 0.0 3.0 1.0 0.0 1 1
0.0 0.0 1.0 0.0 0.0 0.0 1.0 0.0 1 2
0.0 0.0 4.0 0.0 0.0 3.0 1.0 0.0 1 2
0.0 0.0 3.0 0.0 0.0 2.0 0.0 0.0 1 1
0.0 0.0 4.0 0.0 0.0 3.0 0.0 0.0 1 1
0.0 0.0 2.0 1.0 0.0 1.0 2.0 0.0 1 2
0.0 0.0 0.0 1.0 0.0 0.0 0.0 0.0 1 1
0.0 0.0 3.0 1.0 0.0 3.0 1.0 0.0 1 1
0.0 0.0 0.0 2.0 0.0 0.0 1.0 0.0 1 1
0.0 0.0 2.0 0.0 0.0 2.0 1.0 0.0 1 1
0.0 0.0 0.0 1.0 0.0 0.0 2.0 0.0 1 1
0.0 0.0 2.0 1.0 0.0 2.0 1.0 0.0 1 1
0.0 0.0 3.0 1.0 0.0 3.0 1.0 0.0 1 1
0.0 1.0 0.0 0.0 0.0 0.0 0.0 0.0 0 6
0.0 1.0 3.0 0.0 0.0 3.0 0.0 0.0 0 2
0.0 1.0 3.0 1.0 0.0 3.0 0.0 0.0 0 1
0.0 1.0 0.0 1.0 0.0 0.0 1.0 0.0 0 3
0.0 1.0 2.0 2.0 0.0 2.0 1.0 0.0 0 1
0.0 1.0 1.0 2.0 0.0 1.0 1.0 0.0 0 1
0.0 1.0 0.0 0.0 0.0 0.0 1.0 0.0 0 2
0.0 1.0 0.0 1.0 0.0 0.0 2.0 0.0 0 1
0.0 1.0 2.0 1.0 0.0 2.0 2.0 0.0 0 1
0.0 1.0 0.0 0.0 0.0 1.0 0.0 0.0 0 1
0.0 1.0 2.0 0.0 0.0 3.0 0.0 0.0 0 1
0.0 1.0 2.0 0.0 0.0 3.0 1.0 0.0 0 1
0.0 1.0 1.0 0.0 0.0 2.0 0.0 0.0 0 1
0.0 1.0 3.0 0.0 0.0 2.0 0.0 0.0 0 2
0.0 1.0 2.0 0.0 0.0 1.0 0.0 0.0 0 3
0.0 1.0 4.0 0.0 0.0 3.0 0.0 0.0 0 1
0.0 1.0 1.0 1.0 0.0 0.0 1.0 0.0 0 1
0.0 1.0 3.0 1.0 0.0 2.0 1.0 0.0 0 1
0.0 1.0 2.0 1.0 0.0 1.0 1.0 0.0 0 1
0.0 1.0 4.0 1.0 0.0 3.0 1.0 0.0 0 1
0.0 1.0 3.0 0.0 0.0 2.0 1.0 0.0 0 1
0.0 1.0 4.0 0.0 0.0 3.0 1.0 0.0 0 1
0.0 1.0 4.0 1.0 0.0 3.0 1.0 0.0 0 2
0.0 1.0 2.0 0.0 0.0 2.0 0.0 0.0 0 1
0.0 1.0 3.0 1.0 0.0 3.0 0.0 0.0 0 1
0.0 1.0 0.0 2.0 0.0 0.0 1.0 0.0 0 1
0.0 1.0 0.0 0.0 0.0 0.0 1.0 0.0 0 1
0.0 1.0 2.0 0.0 0.0 2.0 1.0 0.0 0 1
0.0 1.0 2.0 1.0 0.0 2.0 1.0 0.0 0 1
0.0 1.0 0.0 0.0 0.0 0.0 0.0 0.0 1 2
0.0 1.0 2.0 0.0 0.0 2.0 0.0 0.0 1 1
0.0 1.0 1.0 0.0 0.0 1.0 0.0 0.0 1 1
0.0 1.0 3.0 0.0 0.0 3.0 0.0 0.0 1 1
0.0 1.0 0.0 1.0 0.0 0.0 1.0 0.0 1 1
0.0 1.0 1.0 1.0 0.0 1.0 1.0 0.0 1 2
0.0 1.0 0.0 2.0 0.0 0.0 1.0 0.0 1 1
0.0 1.0 0.0 0.0 0.0 0.0 0.0 0.0 1 1
0.0 1.0 2.0 1.0 0.0 2.0 2.0 0.0 1 1
0.0 1.0 1.0 1.0 0.0 1.0 2.0 0.0 1 1
0.0 1.0 0.0 1.0 0.0 0.0 1.0 0.0 1 1
0.0 1.0 0.0 0.0 0.0 1.0 0.0 0.0 1 1
0.0 1.0 1.0 0.0 0.0 2.0 0.0 0.0 1 2
0.0 1.0 0.0 1.0 0.0 1.0 1.0 0.0 1 2
0.0 1.0 1.0 1.0 0.0 2.0 1.0 0.0 1 1
0.0 1.0 1.0 0.0 0.0 0.0 0.0 0.0 1 1
0.0 1.0 1.0 1.0 0.0 0.0 0.0 0.0 1 1
0.0 1.0 2.0 0.0 0.0 1.0 0.0 0.0 1 1
0.0 1.0 3.0 1.0 0.0 2.0 2.0 0.0 1 1
0.0 1.0 4.0 1.0 0.0 3.0 1.0 0.0 1 1
0.0 1.0 3.0 1.0 0.0 3.0 0.0 0.0 1 1
0.0 1.0 1.0 1.0 0.0 1.0 2.0 0.0 1 1
0.0 1.0 0.0 0.0 1.0 0.0 0.0 0.0 0 8
0.0 1.0 2.0 0.0 1.0 2.0 0.0 0.0 0 2
0.0 1.0 1.0 0.0 1.0 1.0 0.0 0.0 0 1
0.0 1.0 0.0 1.0 1.0 0.0 1.0 0.0 0 4
0.0 1.0 3.0 1.0 1.0 3.0 1.0 0.0 0 1
0.0 1.0 0.0 0.0 1.0 0.0 1.0 0.0 0 2
0.0 1.0 0.0 1.0 1.0 0.0 2.0 0.0 0 2
0.0 1.0 0.0 0.0 1.0 1.0 0.0 0.0 0 2
0.0 1.0 2.0 0.0 1.0 3.0 0.0 0.0 0 2
0.0 1.0 3.0 1.0 1.0 4.0 0.0 0.0 0 1
0.0 1.0 2.0 1.0 1.0 3.0 1.0 0.0 0 1
0.0 1.0 1.0 2.0 1.0 2.0 1.0 0.0 0 1
0.0 1.0 2.0 0.0 1.0 3.0 0.0 0.0 0 1
0.0 1.0 3.0 1.0 1.0 4.0 2.0 0.0 0 1
0.0 1.0 4.0 0.0 1.0 3.0 0.0 0.0 0 1
0.0 1.0 1.0 1.0 1.0 0.0 0.0 0.0 0 1
0.0 1.0 3.0 0.0 1.0 2.0 0.0 0.0 0 1
0.0 1.0 1.0 1.0 1.0 0.0 2.0 0.0 0 1
0.0 1.0 2.0 1.0 1.0 2.0 1.0 0.0 0 1
0.0 1.0 1.0 0.0 1.0 1.0 0.0 0.0 1 7
0.0 1.0 2.0 1.0 1.0 2.0 0.0 0.0 1 1
0.0 1.0 1.0 1.0 1.0 1.0 0.0 0.0 1 2
0.0 1.0 0.0 1.0 1.0 0.0 1.0 0.0 1 1
0.0 1.0 2.0 1.0 1.0 2.0 1.0 0.0 1 2
0.0 1.0 1.0 1.0 1.0 1.0 1.0 0.0 1 3
0.0 1.0 3.0 1.0 1.0 3.0 1.0 0.0 1 1
0.0 1.0 1.0 0.0 1.0 1.0 1.0 0.0 1 3
0.0 1.0 3.0 1.0 1.0 3.0 2.0 0.0 1 1
0.0 1.0 0.0 0.0 1.0 1.0 0.0 0.0 1 1
0.0 1.0 2.0 0.0 1.0 3.0 0.0 0.0 1 1
0.0 1.0 1.0 0.0 1.0 2.0 0.0 0.0 1 2
0.0 1.0 1.0 1.0 1.0 2.0 0.0 0.0 1 1
0.0 1.0 1.0 1.0 1.0 2.0 1.0 0.0 1 1
0.0 1.0 2.0 0.0 1.0 3.0 1.0 0.0 1 1
0.0 1.0 1.0 0.0 1.0 2.0 1.0 0.0 1 1
0.0 1.0 2.0 1.0 1.0 3.0 2.0 0.0 1 1
0.0 1.0 1.0 0.0 1.0 0.0 0.0 0.0 1 1
0.0 1.0 2.0 0.0 1.0 1.0 0.0 0.0 1 1
0.0 1.0 1.0 1.0 1.0 0.0 0.0 0.0 1 1
0.0 1.0 3.0 0.0 1.0 2.0 1.0 0.0 1 1
0.0 1.0 3.0 1.0 1.0 2.0 2.0 0.0 1 1
0.0 1.0 0.0 0.0 1.0 0.0 0.0 0.0 1 2
0.0 1.0 2.0 1.0 1.0 2.0 0.0 0.0 1 1
0.0 1.0 0.0 0.0 1.0 0.0 1.0 0.0 1 1
0.0 1.0 2.0 0.0 1.0 2.0 1.0 0.0 1 2
0.0 1.0 2.0 0.0 1.0 2.0 0.0 0.0 1 1
0.0 1.0 3.0 1.0 1.0 3.0 2.0 0.0 1 1
0.0 1.0 1.0 1.0 1.0 1.0 1.0 0.0 1 1
0.0 2.0 0.0 0.0 1.0 0.0 0.0 0.0 0 3
0.0 2.0 0.0 1.0 1.0 0.0 1.0 0.0 0 2
0.0 2.0 1.0 2.0 1.0 1.0 1.0 0.0 0 1
0.0 2.0 0.0 0.0 1.0 0.0 1.0 0.0 0 1
0.0 2.0 1.0 0.0 1.0 1.0 0.0 0.0 0 1
0.0 2.0 3.0 0.0 1.0 3.0 0.0 0.0 0 1
0.0 2.0 3.0 1.0 1.0 3.0 2.0 0.0 0 1
0.0 2.0 0.0 0.0 1.0 1.0 0.0 0.0 0 1
0.0 2.0 2.0 0.0 1.0 3.0 0.0 0.0 0 1
0.0 2.0 3.0 1.0 1.0 4.0 0.0 0.0 0 1
0.0 2.0 3.0 0.0 1.0 4.0 1.0 0.0 0 1
0.0 2.0 0.0 0.0 1.0 1.0 0.0 0.0 0 1
0.0 2.0 3.0 0.0 1.0 2.0 0.0 0.0 0 3
0.0 2.0 4.0 0.0 1.0 3.0 0.0 0.0 0 1
0.0 2.0 3.0 1.0 1.0 2.0 0.0 0.0 0 1
0.0 2.0 2.0 2.0 1.0 1.0 1.0 0.0 0 1
0.0 2.0 1.0 0.0 1.0 0.0 0.0 0.0 0 1
0.0 2.0 4.0 0.0 1.0 3.0 0.0 0.0 0 1
0.0 2.0 0.0 0.0 1.0 0.0 0.0 0.0 0 1
0.0 2.0 2.0 0.0 1.0 2.0 0.0 0.0 0 1
0.0 2.0 1.0 0.0 1.0 1.0 0.0 0.0 0 1
0.0 2.0 1.0 1.0 1.0 1.0 1.0 0.0 0 1
0.0 2.0 3.0 1.0 1.0 3.0 1.0 0.0 0 1
0.0 2.0 3.0 1.0 1.0 3.0 0.0 0.0 1 1
0.0 2.0 1.0 0.0 1.0 1.0 1.0 0.0 1 1
0.0 2.0 1.0 0.0 1.0 1.0 0.0 0.0 1 1
0.0 2.0 1.0 0.0 1.0 2.0 0.0 0.0 1 2
0.0 2.0 1.0 2.0 1.0 2.0 1.0 0.0 1 1
0.0 2.0 2.0 1.0 1.0 1.0 0.0 0.0 1 1
0.0 2.0 1.0 1.0 1.0 0.0 1.0 0.0 1 1
0.0 2.0 0.0 1.0 1.0 0.0 0.0 0.0 1 1
0.0 2.0 3.0 2.0 1.0 3.0 1.0 0.0 1 1
0.0 2.0 2.0 0.0 1.0 2.0 0.0 0.0 1 1
0.0 0.0 0.0 0.0 1.0 0.0 0.0 0.0 0 6
0.0 0.0 1.0 0.0 1.0 1.0 0.0 0.0 0 2
0.0 0.0 0.0 1.0 1.0 0.0 1.0 0.0 0 4
0.0 0.0 0.0 0.0 1.0 1.0 0.0 0.0 0 3
0.0 0.0 3.0 0.0 1.0 4.0 0.0 0.0 0 1
0.0 0.0 2.0 1.0 1.0 3.0 2.0 0.0 0 1
0.0 0.0 2.0 0.0 1.0 1.0 0.0 0.0 0 1
0.0 0.0 1.0 1.0 1.0 0.0 0.0 0.0 0 1
0.0 0.0 2.0 0.0 1.0 1.0 1.0 0.0 0 1
0.0 0.0 0.0 1.0 1.0 0.0 1.0 0.0 0 1
0.0 0.0 2.0 1.0 1.0 2.0 1.0 0.0 0 1
0.0 0.0 3.0 0.0 1.0 3.0 1.0 0.0 0 1
0.0 0.0 2.0 1.0 1.0 2.0 2.0 0.0 0 1
0.0 0.0 1.0 1.0 1.0 1.0 2.0 0.0 0 1
0.0 0.0 0.0 1.0 1.0 0.0 1.0 0.0 0 1
0.0 0.0 1.0 0.0 1.0 1.0 0.0 0.0 1 1
0.0 0.0 1.0 1.0 1.0 1.0 1.0 0.0 1 1
0.0 0.0 2.0 2.0 1.0 2.0 1.0 0.0 1 1
0.0 0.0 1.0 2.0 1.0 1.0 1.0 0.0 1 1
0.0 0.0 2.0 2.0 1.0 3.0 1.0 0.0 1 2
0.0 0.0 1.0 0.0 1.0 2.0 1.0 0.0 1 1
0.0 0.0 1.0 1.0 1.0 2.0 2.0 0.0 1 1
0.0 0.0 1.0 0.0 1.0 0.0 0.0 0.0 1 1
0.0 0.0 3.0 0.0 1.0 2.0 0.0 0.0 1 1
0.0 0.0 2.0 0.0 1.0 1.0 0.0 0.0 1 1
0.0 0.0 1.0 1.0 1.0 0.0 1.0 0.0 1 1
0.0 0.0 2.0 2.0 1.0 1.0 1.0 0.0 1 1
0.0 0.0 2.0 0.0 1.0 1.0 1.0 0.0 1 1
0.0 0.0 4.0 0.0 1.0 3.0 1.0 0.0 1 1
0.0 0.0 0.0 0.0 1.0 0.0 0.0 0.0 1 1
0.0 0.0 2.0 1.0 1.0 2.0 0.0 0.0 1 1
0.0 0.0 0.0 2.0 1.0 0.0 1.0 0.0 1 1
0.0 0.0 0.0 0.0 1.0 0.0 0.0 0.0 1 1
0.0 0.0 2.0 1.0 0.0 2.0 2.0 0.0 0 1
0.0 0.0 2.0 1.0 0.0 3.0 1.0 0.0 0 1
0.0 0.0 2.0 0.0 0.0 3.0 0.0 0.0 0 1
0.0 0.0 3.0 1.0 0.0 2.0 1.0 0.0 0 1
0.0 0.0 4.0 2.0 0.0 3.0 1.0 0.0 0 1
0.0 0.0 3.0 0.0 0.0 2.0 1.0 0.0 0 1
0.0 0.0 2.0 1.0 0.0 1.0 2.0 0.0 0 2
0.0 0.0 0.0 1.0 0.0 0.0 1.0 0.0 0 1
0.0 0.0 1.0 1.0 0.0 1.0 1.0 0.0 0 1
0.0 0.0 2.0 1.0 0.0 2.0 2.0 0.0 0 1
0.0 0.0 3.0 1.0 0.0 3.0 2.0 0.0 0 1
0.0 0.0 3.0 2.0 0.0 3.0 1.0 0.0 1 1
0.0 0.0 0.0 0.0 0.0 0.0 1.0 0.0 1 2
0.0 0.0 1.0 0.0 0.0 1.0 1.0 0.0 1 1
0.0 0.0 2.0 0.0 0.0 2.0 0.0 0.0 1 1
0.0 0.0 0.0 1.0 0.0 0.0 2.0 0.0 1 1
0.0 0.0 1.0 1.0 0.0 2.0 1.0 0.0 1 1
0.0 0.0 1.0 2.0 0.0 2.0 1.0 0.0 1 1
0.0 0.0 3.0 0.0 0.0 4.0 1.0 0.0 1 1
0.0 0.0 3.0 1.0 0.0 4.0 2.0 0.0 1 1
0.0 0.0 2.0 1.0 0.0 3.0 1.0 0.0 1 1
0.0 0.0 1.0 1.0 0.0 0.0 0.0 0.0 1 1
0.0 0.0 3.0 1.0 0.0 2.0 1.0 0.0 1 1
0.0 0.0 2.0 1.0 0.0 1.0 1.0 0.0 1 1
0.0 0.0 3.0 2.0 0.0 2.0 1.0 0.0 1 1
0.0 0.0 1.0 0.0 0.0 0.0 0.0 0.0 1 1
0.0 0.0 2.0 1.0 0.0 1.0 2.0 0.0 1 1
0.0 0.0 0.0 2.0 0.0 0.0 1.0 0.0 1 1
0.0 0.0 0.0 1.0 0.0 0.0 2.0 0.0 1 2
0.0 0.0 2.0 1.0 0.0 2.0 2.0 0.0 1 3
0.0 0.0 1.0 1.0 0.0 1.0 1.0 0.0 1 2
0.0 1.0 0.0 0.0 2.0 0.0 0.0 0.0 0 3
0.0 1.0 1.0 1.0 2.0 1.0 1.0 0.0 0 1
0.0 1.0 3.0 2.0 2.0 3.0 1.0 0.0 0 1
0.0 1.0 0.0 0.0 2.0 0.0 1.0 0.0 0 1
0.0 1.0 1.0 1.0 2.0 1.0 2.0 0.0 0 1
0.0 1.0 0.0 0.0 2.0 1.0 0.0 0.0 0 3
0.0 1.0 3.0 0.0 2.0 4.0 0.0 0.0 0 1
0.0 1.0 1.0 1.0 2.0 2.0 0.0 0.0 0 1
0.0 1.0 0.0 1.0 2.0 1.0 1.0 0.0 0 1
0.0 1.0 0.0 0.0 2.0 1.0 1.0 0.0 0 2
0.0 1.0 2.0 1.0 2.0 3.0 2.0 0.0 0 1
0.0 1.0 1.0 0.0 2.0 0.0 0.0 0.0 0 1
0.0 1.0 4.0 1.0 2.0 3.0 0.0 0.0 0 1
0.0 1.0 3.0 1.0 2.0 2.0 1.0 0.0 0 1
0.0 1.0 3.0 0.0 2.0 2.0 1.0 0.0 0 1
0.0 1.0 0.0 1.0 2.0 0.0 1.0 0.0 0 1
0.0 1.0 1.0 1.0 2.0 1.0 1.0 0.0 0 1
0.0 1.0 2.0 0.0 2.0 2.0 1.0 0.0 0 1
0.0 1.0 1.0 1.0 2.0 1.0 2.0 0.0 0 1
0.0 1.0 1.0 0.0 2.0 1.0 0.0 0.0 1 2
0.0 1.0 2.0 1.0 2.0 2.0 1.0 0.0 1 1
0.0 1.0 3.0 0.0 2.0 3.0 0.0 0.0 1 1
0.0 1.0 1.0 0.0 2.0 2.0 0.0 0.0 1 1
0.0 1.0 1.0 1.0 2.0 2.0 1.0 0.0 1 1
0.0 1.0 1.0 2.0 2.0 2.0 1.0 0.0 1 1
0.0 1.0 1.0 0.0 2.0 2.0 1.0 0.0 1 1
0.0 1.0 3.0 1.0 2.0 4.0 1.0 0.0 1 1
0.0 1.0 3.0 0.0 2.0 2.0 0.0 0.0 1 1
0.0 1.0 3.0 0.0 2.0 3.0 0.0 0.0 1 1
0.0 1.0 2.0 1.0 2.0 2.0 1.0 0.0 1 1
0.0 1.0 3.0 0.0 2.0 3.0 1.0 0.0 1 1
0.0 1.0 2.0 0.0 2.0 2.0 0.0 0.0 1 1
0.0 1.0 0.0 1.0 2.0 0.0 1.0 0.0 1 1
0.0 1.0 0.0 1.0 1.0 0.0 0.0 0.0 0 1
0.0 1.0 1.0 0.0 1.0 1.0 1.0 0.0 0 2
0.0 1.0 3.0 0.0 1.0 4.0 0.0 0.0 0 1
0.0 1.0 2.0 0.0 1.0 3.0 1.0 0.0 0 3
0.0 1.0 3.0 1.0 1.0 4.0 2.0 0.0 0 1
0.0 1.0 3.0 1.0 1.0 4.0 1.0 0.0 0 1
0.0 1.0 3.0 1.0 1.0 2.0 0.0 0.0 0 1
0.0 1.0 3.0 1.0 1.0 2.0 1.0 0.0 0 1
0.0 1.0 2.0 1.0 1.0 1.0 2.0 0.0 0 1
0.0 1.0 2.0 0.0 1.0 2.0 0.0 0.0 0 1
0.0 1.0 2.0 1.0 1.0 2.0 2.0 0.0 0 1
0.0 1.0 0.0 0.0 1.0 0.0 0.0 0.0 1 1
0.0 1.0 1.0 0.0 1.0 1.0 0.0 0.0 1 1
0.0 1.0 3.0 0.0 1.0 3.0 0.0 0.0 1 1
0.0 1.0 0.0 0.0 1.0 0.0 1.0 0.0 1 1
0.0 1.0 1.0 1.0 1.0 1.0 2.0 0.0 1 1
0.0 1.0 2.0 0.0 1.0 3.0 1.0 0.0 1 1
0.0 1.0 3.0 1.0 1.0 4.0 1.0 0.0 1 1
0.0 1.0 2.0 0.0 1.0 1.0 0.0 0.0 1 1
0.0 1.0 2.0 1.0 1.0 1.0 1.0 0.0 1 1
0.0 1.0 1.0 2.0 1.0 0.0 1.0 0.0 1 1
0.0 1.0 1.0 0.0 1.0 0.0 1.0 0.0 1 1
0.0 1.0 4.0 0.0 1.0 3.0 1.0 0.0 1 1
0.0 1.0 1.0 1.0 1.0 1.0 0.0 0.0 1 1
0.0 1.0 3.0 1.0 1.0 3.0 0.0 0.0 1 1
0.0 1.0 0.0 0.0 1.0 0.0 1.0 0.0 1 1
0.0 1.0 1.0 0.0 1.0 1.0 1.0 0.0 1 1
0.0 0.0 0.0 0.0 0.0 0.0 0.0 1.0 0 1
0.0 0.0 2.0 0.0 0.0 2.0 0.0 1.0 0 1
0.0 0.0 0.0 1.0 0.0 0.0 0.0 1.0 0 1
0.0 0.0 2.0 1.0 0.0 2.0 0.0 1.0 0 1
0.0 0.0 0.0 1.0 0.0 0.0 2.0 1.0 0 1
0.0 0.0 0.0 1.0 0.0 1.0 1.0 1.0 0 1
0.0 0.0 2.0 0.0 0.0 2.0 0.0 1.0 1 1
0.0 0.0 1.0 0.0 0.0 1.0 0.0 1.0 1 3
0.0 0.0 3.0 0.0 0.0 3.0 0.0 1.0 1 1
0.0 0.0 1.0 1.0 0.0 1.0 1.0 1.0 1 1
0.0 0.0 1.0 0.0 0.0 1.0 1.0 1.0 1 1
0.0 1.0 0.0 0.0 0.0 0.0 0.0 1.0 0 1
0.0 1.0 2.0 0.0 0.0 3.0 0.0 1.0 0 1
0.0 1.0 3.0 0.0 0.0 2.0 0.0 1.0 0 1
0.0 1.0 2.0 0.0 0.0 1.0 0.0 1.0 0 1
0.0 1.0 1.0 1.0 0.0 1.0 2.0 1.0 0 1
0.0 1.0 2.0 1.0 0.0 2.0 1.0 1.0 1 1
0.0 1.0 0.0 0.0 1.0 0.0 0.0 1.0 0 2
0.0 1.0 2.0 0.0 1.0 2.0 1.0 1.0 0 1
0.0 1.0 0.0 0.0 1.0 1.0 0.0 1.0 0 1
0.0 1.0 2.0 0.0 1.0 3.0 0.0 1.0 0 1
0.0 1.0 1.0 1.0 1.0 1.0 1.0 1.0 1 1
0.0 1.0 3.0 1.0 1.0 3.0 1.0 1.0 1 1
0.0 2.0 3.0 1.0 1.0 4.0 2.0 1.0 0 1
0.0 2.0 2.0 1.0 1.0 1.0 0.0 1.0 0 1
0.0 2.0 0.0 0.0 1.0 0.0 0.0 1.0 1 1
0.0 2.0 1.0 0.0 1.0 1.0 0.0 1.0 1 1
0.0 2.0 3.0 1.0 1.0 2.0 1.0 1.0 1 1
0.0 0.0 0.0 1.0 1.0 0.0 1.0 1.0 0 1
0.0 0.0 2.0 1.0 1.0 3.0 2.0 1.0 0 1
0.0 0.0 2.0 0.0 1.0 2.0 0.0 1.0 0 1
0.0 0.0 1.0 1.0 1.0 1.0 2.0 1.0 1 1
0.0 0.0 1.0 2.0 1.0 0.0 1.0 1.0 1 1
0.0 0.0 0.0 0.0 0.0 1.0 1.0 1.0 0 1
0.0 0.0 3.0 0.0 0.0 2.0 1.0 1.0 0 1
0.0 0.0 1.0 0.0 0.0 1.0 1.0 1.0 0 1
0.0 0.0 0.0 1.0 0.0 0.0 0.0 1.0 1 1
0.0 1.0 3.0 0.0 2.0 3.0 0.0 1.0 0 1
0.0 1.0 1.0 1.0 2.0 1.0 2.0 1.0 0 1
0.0 1.0 3.0 1.0 2.0 3.0 1.0 1.0 0 1
0.0 1.0 2.0 0.0 2.0 3.0 1.0 1.0 0 1
0.0 1.0 4.0 2.0 2.0 3.0 1.0 1.0 0 1
0.0 1.0 3.0 0.0 2.0 3.0 0.0 1.0 1 1
0.0 1.0 3.0 2.0 2.0 3.0 1.0 1.0 1 1
0.0 1.0 2.0 1.0 1.0 2.0 1.0 1.0 0 1
0.0 1.0 0.0 0.0 1.0 1.0 0.0 1.0 0 1
0.0 1.0 1.0 1.0 1.0 0.0 2.0 1.0 0 1
0.0 1.0 0.0 0.0 1.0 0.0 0.0 1.0 0 1
0.0 1.0 0.0 0.0 1.0 1.0 0.0 1.0 1 1
0.0 1.0 1.0 0.0 1.0 0.0 1.0 1.0 1 1
0.0 1.0 0.0 1.0 1.0 0.0 2.0 1.0 1 1
1.0 0.0 0.0 0.0 0.0 0.0 0.0 0.0 0 5
1.0 0.0 0.0 1.0 0.0 0.0 1.0 0.0 0 2
1.0 0.0 0.0 1.0 0.0 0.0 2.0 0.0 0 1
1.0 0.0 2.0 0.0 0.0 3.0 1.0 0.0 0 1
1.0 0.0 3.0 1.0 0.0 2.0 1.0 0.0 0 1
1.0 0.0 2.0 1.0 0.0 1.0 1.0 0.0 0 1
1.0 0.0 1.0 0.0 0.0 1.0 0.0 0.0 1 2
1.0 0.0 1.0 1.0 0.0 1.0 1.0 0.0 1 1
1.0 0.0 1.0 2.0 0.0 0.0 1.0 0.0 1 1
1.0 0.0 3.0 1.0 0.0 3.0 0.0 0.0 1 1
1.0 1.0 2.0 0.0 0.0 2.0 0.0 0.0 0 1
1.0 1.0 0.0 0.0 0.0 1.0 1.0 0.0 0 1
1.0 1.0 1.0 1.0 0.0 1.0 1.0 0.0 1 1
1.0 1.0 2.0 1.0 0.0 2.0 2.0 0.0 1 1
1.0 1.0 0.0 1.0 0.0 0.0 1.0 0.0 1 1
1.0 1.0 0.0 1.0 0.0 1.0 1.0 0.0 1 1
1.0 1.0 2.0 0.0 0.0 1.0 0.0 0.0 1 1
1.0 1.0 1.0 2.0 0.0 0.0 1.0 0.0 1 1
1.0 1.0 0.0 0.0 1.0 0.0 0.0 0.0 0 4
1.0 1.0 2.0 0.0 1.0 2.0 0.0 0.0 0 1
1.0 1.0 0.0 1.0 1.0 0.0 0.0 0.0 0 1
1.0 1.0 2.0 1.0 1.0 2.0 0.0 0.0 0 1
1.0 1.0 0.0 1.0 1.0 0.0 1.0 0.0 0 2
1.0 1.0 0.0 2.0 1.0 0.0 1.0 0.0 0 1
1.0 1.0 0.0 0.0 1.0 0.0 1.0 0.0 0 2
1.0 1.0 2.0 0.0 1.0 2.0 1.0 0.0 0 1
1.0 1.0 4.0 0.0 1.0 3.0 0.0 0.0 0 1
1.0 1.0 1.0 1.0 1.0 0.0 1.0 0.0 0 1
1.0 1.0 3.0 1.0 1.0 2.0 1.0 0.0 0 1
1.0 1.0 2.0 1.0 1.0 2.0 1.0 0.0 0 1
1.0 1.0 2.0 1.0 1.0 2.0 1.0 0.0 1 1
1.0 1.0 2.0 1.0 1.0 3.0 1.0 0.0 1 1
1.0 1.0 1.0 1.0 1.0 2.0 1.0 0.0 1 1
1.0 2.0 0.0 0.0 1.0 0.0 0.0 0.0 0 1
1.0 2.0 2.0 0.0 1.0 2.0 0.0 0.0 0 1
1.0 2.0 0.0 1.0 1.0 0.0 1.0 0.0 0 2
1.0 2.0 2.0 1.0 1.0 2.0 1.0 0.0 0 1
1.0 2.0 1.0 0.0 1.0 2.0 1.0 0.0 0 1
1.0 2.0 1.0 0.0 1.0 0.0 1.0 0.0 0 1
1.0 2.0 3.0 0.0 1.0 2.0 1.0 0.0 0 1
1.0 2.0 1.0 1.0 1.0 0.0 2.0 0.0 0 1
1.0 2.0 3.0 0.0 1.0 3.0 1.0 0.0 0 1
1.0 2.0 1.0 0.0 1.0 1.0 0.0 0.0 1 1
1.0 2.0 1.0 1.0 1.0 1.0 1.0 0.0 1 1
1.0 2.0 2.0 0.0 1.0 2.0 1.0 0.0 1 1
1.0 2.0 1.0 1.0 1.0 1.0 1.0 0.0 1 1
1.0 2.0 1.0 0.0 1.0 2.0 0.0 0.0 1 1
1.0 2.0 3.0 0.0 1.0 2.0 0.0 0.0 1 1
1.0 2.0 2.0 0.0 1.0 2.0 0.0 0.0 1 1
1.0 2.0 0.0 1.0 1.0 0.0 1.0 0.0 1 1
1.0 0.0 0.0 1.0 1.0 0.0 1.0 0.0 0 1
1.0 0.0 3.0 0.0 1.0 4.0 0.0 0.0 0 1
1.0 0.0 3.0 0.0 1.0 2.0 0.0 0.0 0 1
1.0 0.0 3.0 1.0 1.0 3.0 1.0 0.0 0 1
1.0 0.0 1.0 0.0 1.0 1.0 0.0 0.0 1 1
1.0 0.0 2.0 0.0 1.0 2.0 0.0 0.0 1 1
1.0 0.0 1.0 1.0 1.0 1.0 1.0 0.0 1 1
1.0 0.0 2.0 1.0 1.0 3.0 1.0 0.0 1 1
1.0 0.0 3.0 0.0 1.0 2.0 1.0 0.0 1 1
1.0 0.0 3.0 1.0 1.0 2.0 2.0 0.0 1 1
1.0 0.0 0.0 0.0 1.0 0.0 0.0 0.0 1 1
1.0 0.0 3.0 1.0 1.0 3.0 1.0 0.0 1 1
1.0 0.0 2.0 0.0 1.0 2.0 1.0 0.0 1 1
1.0 0.0 3.0 1.0 1.0 3.0 2.0 0.0 1 1
1.0 0.0 0.0 1.0 0.0 0.0 0.0 0.0 0 1
1.0 0.0 1.0 0.0 0.0 1.0 1.0 0.0 0 1
1.0 0.0 1.0 2.0 0.0 2.0 1.0 0.0 0 1
1.0 0.0 1.0 1.0 0.0 0.0 1.0 0.0 0 1
1.0 0.0 1.0 0.0 0.0 1.0 1.0 0.0 1 1
1.0 0.0 2.0 1.0 0.0 3.0 1.0 0.0 1 1
1.0 0.0 3.0 1.0 0.0 2.0 2.0 0.0 1 1
1.0 0.0 1.0 1.0 0.0 1.0 1.0 0.0 1 1
1.0 1.0 0.0 0.0 2.0 0.0 0.0 0.0 0 1
1.0 1.0 1.0 1.0 2.0 1.0 0.0 0.0 0 1
1.0 1.0 0.0 1.0 2.0 0.0 2.0 0.0 0 1
1.0 1.0 0.0 1.0 2.0 1.0 2.0 0.0 0 1
1.0 1.0 2.0 1.0 2.0 3.0 1.0 0.0 0 1
1.0 1.0 4.0 1.0 2.0 3.0 2.0 0.0 0 1
1.0 1.0 0.0 0.0 2.0 0.0 0.0 0.0 0 1
1.0 1.0 1.0 0.0 2.0 1.0 0.0 0.0 0 1
1.0 1.0 1.0 1.0 2.0 1.0 1.0 0.0 1 1
1.0 1.0 0.0 0.0 2.0 0.0 1.0 0.0 1 1
1.0 1.0 2.0 0.0 2.0 1.0 0.0 0.0 1 1
1.0 1.0 2.0 0.0 2.0 2.0 0.0 0.0 1 1
1.0 1.0 0.0 0.0 1.0 0.0 0.0 0.0 0 2
1.0 1.0 1.0 0.0 1.0 1.0 0.0 0.0 0 1
1.0 1.0 0.0 1.0 1.0 0.0 2.0 0.0 0 1
1.0 1.0 2.0 1.0 1.0 3.0 2.0 0.0 0 1
1.0 1.0 1.0 1.0 1.0 1.0 2.0 0.0 1 1
1.0 1.0 4.0 1.0 1.0 3.0 0.0 0.0 1 1
1.0 1.0 0.0 0.0 1.0 0.0 0.0 0.0 1 1
1.0 1.0 3.0 1.0 1.0 3.0 1.0 0.0 1 1
0.0 0.0 0.0 0.0 0.0 0.0 0.0 0.0 0 1
0.0 0.0 2.0 1.0 0.0 2.0 0.0 0.0 0 1
0.0 1.0 1.0 1.0 0.0 1.0 2.0 0.0 1 1
0.0 1.0 1.0 1.0 1.0 1.0 1.0 0.0 1 1
0.0 2.0 1.0 1.0 1.0 2.0 0.0 0.0 0 1
0.0 2.0 1.0 0.0 1.0 1.0 1.0 0.0 1 1
0.0 0.0 0.0 0.0 1.0 0.0 0.0 0.0 0 2
0.0 0.0 1.0 1.0 1.0 2.0 1.0 0.0 1 1
0.0 0.0 3.0 1.0 1.0 3.0 0.0 0.0 1 1
0.0 1.0 0.0 0.0 2.0 0.0 0.0 0.0 0 1
0.0 1.0 0.0 1.0 2.0 0.0 1.0 0.0 0 1
0.0 1.0 2.0 1.0 2.0 2.0 1.0 0.0 0 1
0.0 1.0 4.0 0.0 2.0 3.0 0.0 0.0 1 1
0.0 1.0 2.0 0.0 2.0 2.0 1.0 0.0 1 1
0.0 1.0 1.0 1.0 2.0 1.0 1.0 0.0 1 1
0.0 1.0 0.0 1.0 1.0 0.0 2.0 0.0 0 1
0.0 1.0 2.0 1.0 1.0 1.0 1.0 0.0 1 1
0.0 1.0 1.0 1.0 1.0 1.0 1.0 0.0 1 1
0.0 1.0 1.0 1.0 1.0 1.0 2.0 0.0 1 1
