0.0 0.0 1.0 1.0 0.0 1.0 1.0 0.0 0 1
0.0 0.0 0.0 1.0 0.0 1.0 0.0 0.0 0 1
0.0 0.0 1.0 1.0 0.0 1.0 1.0 0.0 0 1
0.0 1.0 0.0 0.0 0.0 0.0 0.0 0.0 0 2
0.0 1.0 0.0 1.0 0.0 0.0 0.0 0.0 0 2
0.0 1.0 1.0 0.0 0.0 1.0 0.0 0.0 0 2
0.0 1.0 1.0 1.0 0.0 1.0 2.0 0.0 0 1
0.0 1.0 0.0 1.0 0.0 0.0 1.0 0.0 0 1
0.0 1.0 2.0 1.0 0.0 2.0 1.0 0.0 0 1
0.0 1.0 1.0 1.0 0.0 1.0 1.0 0.0 0 107
0.0 1.0 0.0 1.0 0.0 1.0 0.0 0.0 0 79
0.0 1.0 1.0 1.0 0.0 2.0 0.0 0.0 0 1
0.0 1.0 3.0 1.0 0.0 4.0 0.0 0.0 0 2
0.0 1.0 0.0 1.0 0.0 1.0 1.0 0.0 0 1
0.0 1.0 1.0 1.0 0.0 2.0 1.0 0.0 0 1
0.0 1.0 0.0 2.0 0.0 1.0 1.0 0.0 0 1
0.0 1.0 0.0 0.0 0.0 1.0 0.0 0.0 0 1
0.0 1.0 1.0 1.0 0.0 2.0 1.0 0.0 0 3
0.0 1.0 2.0 0.0 0.0 1.0 0.0 0.0 0 3
0.0 1.0 2.0 1.0 0.0 1.0 1.0 0.0 0 1
0.0 1.0 4.0 1.0 0.0 3.0 1.0 0.0 0 1
0.0 1.0 2.0 1.0 0.0 1.0 2.0 0.0 0 19
0.0 1.0 1.0 0.0 0.0 1.0 0.0 0.0 0 1
0.0 1.0 1.0 1.0 0.0 1.0 0.0 0.0 0 1
0.0 1.0 2.0 1.0 0.0 2.0 1.0 0.0 0 1
0.0 1.0 1.0 1.0 0.0 1.0 1.0 0.0 0 108
0.0 1.0 3.0 1.0 0.0 3.0 1.0 0.0 0 1
0.0 1.0 1.0 0.0 0.0 1.0 1.0 0.0 0 2
0.0 1.0 1.0 1.0 0.0 1.0 2.0 0.0 0 2
0.0 1.0 2.0 1.0 0.0 2.0 0.0 0.0 1 1
0.0 1.0 2.0 0.0 0.0 2.0 1.0 0.0 1 1
0.0 1.0 1.0 1.0 0.0 1.0 2.0 0.0 1 1
0.0 1.0 2.0 1.0 0.0 2.0 1.0 0.0 1 1
0.0 1.0 3.0 1.0 0.0 3.0 1.0 0.0 1 1
0.0 1.0 0.0 1.0 0.0 1.0 0.0 0.0 1 1
0.0 1.0 1.0 1.0 0.0 2.0 0.0 0.0 1 1
0.0 1.0 1.0 1.0 0.0 2.0 1.0 0.0 1 1
0.0 1.0 2.0 1.0 0.0 3.0 2.0 0.0 1 1
0.0 1.0 2.0 2.0 0.0 1.0 1.0 0.0 1 1
0.0 1.0 3.0 0.0 0.0 2.0 0.0 0.0 1 1
0.0 1.0 0.0 1.0 0.0 0.0 1.0 0.0 1 2
0.0 1.0 1.0 1.0 0.0 1.0 1.0 0.0 1 3
0.0 1.0 3.0 1.0 0.0 3.0 1.0 0.0 1 1
0.0 1.0 3.0 0.0 0.0 3.0 1.0 0.0 1 1
0.0 1.0 0.0 1.0 1.0 0.0 0.0 0.0 0 1
0.0 1.0 3.0 1.0 1.0 2.0 2.0 0.0 0 1
0.0 1.0 2.0 1.0 1.0 2.0 1.0 0.0 1 1
0.0 2.0 1.0 1.0 1.0 1.0 1.0 0.0 0 1
0.0 2.0 0.0 1.0 1.0 1.0 0.0 0.0 0 1
0.0 2.0 1.0 1.0 1.0 1.0 1.0 0.0 1 1
0.0 0.0 0.0 1.0 1.0 0.0 0.0 0.0 0 1
0.0 0.0 2.0 1.0 1.0 2.0 0.0 0.0 0 1
0.0 0.0 1.0 1.0 1.0 1.0 0.0 0.0 0 1
0.0 0.0 1.0 1.0 1.0 1.0 1.0 0.0 0 1
0.0 0.0 2.0 0.0 1.0 3.0 1.0 0.0 1 1
0.0 0.0 0.0 0.0 0.0 0.0 0.0 0.0 0 2
0.0 0.0 0.0 1.0 0.0 0.0 0.0 0.0 0 141
0.0 0.0 1.0 1.0 0.0 1.0 0.0 0.0 0 1
0.0 0.0 3.0 1.0 0.0 3.0 0.0 0.0 0 2
0.0 0.0 1.0 1.0 0.0 1.0 1.0 0.0 0 2
0.0 0.0 0.0 0.0 0.0 0.0 0.0 0.0 0 1
0.0 0.0 0.0 1.0 0.0 0.0 1.0 0.0 0 1
0.0 0.0 1.0 1.0 0.0 1.0 1.0 0.0 0 1
0.0 0.0 0.0 1.0 0.0 1.0 0.0 0.0 0 1
0.0 0.0 1.0 1.0 0.0 2.0 1.0 0.0 0 1
0.0 0.0 1.0 0.0 0.0 0.0 0.0 0.0 0 7
0.0 0.0 1.0 1.0 0.0 0.0 1.0 0.0 0 48
0.0 0.0 4.0 1.0 0.0 3.0 1.0 0.0 0 1
0.0 0.0 2.0 2.0 0.0 1.0 1.0 0.0 0 1
0.0 0.0 1.0 0.0 0.0 0.0 1.0 0.0 0 1
0.0 0.0 1.0 0.0 0.0 0.0 0.0 0.0 0 1
0.0 0.0 1.0 1.0 0.0 1.0 1.0 0.0 0 1
0.0 0.0 1.0 0.0 0.0 1.0 1.0 0.0 0 1
0.0 0.0 0.0 1.0 0.0 0.0 0.0 0.0 1 3
0.0 0.0 2.0 1.0 0.0 2.0 0.0 0.0 1 1
0.0 0.0 1.0 1.0 0.0 1.0 0.0 0.0 1 4
0.0 0.0 1.0 1.0 0.0 1.0 1.0 0.0 1 1
0.0 0.0 1.0 2.0 0.0 1.0 1.0 0.0 1 1
0.0 0.0 2.0 0.0 0.0 2.0 1.0 0.0 1 1
0.0 0.0 0.0 1.0 0.0 0.0 1.0 0.0 1 1
0.0 0.0 2.0 0.0 0.0 3.0 1.0 0.0 1 1
0.0 0.0 2.0 1.0 0.0 3.0 2.0 0.0 1 1
0.0 0.0 2.0 1.0 0.0 1.0 0.0 0.0 1 1
0.0 0.0 1.0 1.0 0.0 0.0 1.0 0.0 1 1
0.0 0.0 2.0 1.0 0.0 1.0 1.0 0.0 1 1
0.0 0.0 2.0 1.0 0.0 1.0 1.0 0.0 1 1
0.0 1.0 0.0 0.0 2.0 0.0 0.0 0.0 0 1
0.0 1.0 1.0 1.0 2.0 0.0 1.0 0.0 0 1
0.0 1.0 0.0 1.0 2.0 0.0 1.0 0.0 0 1
0.0 1.0 2.0 1.0 2.0 2.0 0.0 0.0 1 1
0.0 1.0 1.0 0.0 1.0 1.0 0.0 0.0 0 1
0.0 1.0 2.0 1.0 1.0 2.0 2.0 0.0 0 1
0.0 1.0 0.0 1.0 1.0 1.0 0.0 0.0 0 2
0.0 1.0 1.0 1.0 1.0 2.0 1.0 0.0 0 1
0.0 1.0 2.0 0.0 1.0 3.0 0.0 0.0 0 1
0.0 1.0 1.0 1.0 1.0 2.0 1.0 0.0 0 1
0.0 1.0 1.0 1.0 1.0 0.0 1.0 0.0 0 1
0.0 1.0 1.0 0.0 1.0 1.0 0.0 0.0 0 2
0.0 1.0 1.0 1.0 1.0 1.0 1.0 0.0 0 2
0.0 1.0 1.0 1.0 1.0 2.0 1.0 0.0 1 1
0.0 1.0 0.0 2.0 1.0 0.0 1.0 0.0 1 1
0.0 1.0 1.0 1.0 0.0 1.0 1.0 1.0 0 2
0.0 0.0 1.0 1.0 0.0 1.0 1.0 1.0 0 1
0.0 0.0 1.0 1.0 0.0 1.0 1.0 1.0 0 1
1.0 0.0 0.0 1.0 0.0 0.0 0.0 0.0 0 1
1.0 0.0 1.0 1.0 0.0 1.0 1.0 0.0 0 3
1.0 0.0 0.0 1.0 0.0 1.0 0.0 0.0 0 2
1.0 0.0 0.0 1.0 0.0 1.0 1.0 0.0 0 1
1.0 0.0 1.0 1.0 0.0 2.0 1.0 0.0 0 2
1.0 0.0 1.0 1.0 0.0 0.0 1.0 0.0 0 1
1.0 0.0 2.0 1.0 0.0 1.0 2.0 0.0 0 1
1.0 0.0 2.0 1.0 0.0 1.0 1.0 0.0 0 1
1.0 0.0 2.0 1.0 0.0 2.0 1.0 0.0 0 1
1.0 0.0 1.0 1.0 0.0 1.0 1.0 0.0 0 5
1.0 0.0 0.0 0.0 0.0 0.0 1.0 0.0 0 1
1.0 1.0 2.0 1.0 0.0 2.0 2.0 0.0 0 4
1.0 1.0 1.0 1.0 0.0 1.0 1.0 0.0 0 1
1.0 1.0 1.0 1.0 0.0 1.0 1.0 0.0 0 1
1.0 1.0 2.0 1.0 0.0 3.0 1.0 0.0 1 1
1.0 1.0 0.0 1.0 0.0 0.0 2.0 0.0 1 1
1.0 1.0 1.0 1.0 1.0 1.0 0.0 0.0 0 1
1.0 1.0 1.0 0.0 1.0 1.0 0.0 0.0 0 1
1.0 1.0 2.0 1.0 1.0 2.0 2.0 0.0 0 1
1.0 1.0 0.0 1.0 1.0 0.0 1.0 0.0 0 1
1.0 1.0 1.0 1.0 1.0 1.0 1.0 0.0 0 41
1.0 1.0 0.0 1.0 1.0 1.0 0.0 0.0 0 40
1.0 1.0 1.0 1.0 1.0 2.0 1.0 0.0 0 1
1.0 1.0 0.0 0.0 1.0 1.0 1.0 0.0 0 1
1.0 1.0 0.0 1.0 1.0 1.0 1.0 0.0 0 1
1.0 1.0 3.0 1.0 1.0 4.0 1.0 0.0 0 1
1.0 1.0 2.0 0.0 1.0 1.0 0.0 0.0 0 1
1.0 1.0 2.0 1.0 1.0 1.0 2.0 0.0 0 7
1.0 1.0 1.0 0.0 1.0 1.0 0.0 0.0 0 3
1.0 1.0 1.0 1.0 1.0 1.0 1.0 0.0 0 48
1.0 1.0 0.0 0.0 1.0 0.0 1.0 0.0 0 1
1.0 1.0 2.0 1.0 1.0 2.0 1.0 0.0 1 1
1.0 1.0 1.0 1.0 1.0 2.0 0.0 0.0 1 1
1.0 1.0 3.0 1.0 1.0 3.0 1.0 0.0 1 1
1.0 2.0 2.0 1.0 1.0 2.0 1.0 0.0 0 1
1.0 2.0 1.0 1.0 1.0 1.0 1.0 0.0 0 1
1.0 2.0 2.0 0.0 1.0 2.0 1.0 0.0 0 1
1.0 2.0 2.0 0.0 1.0 2.0 0.0 0.0 0 1
1.0 2.0 2.0 1.0 1.0 2.0 2.0 0.0 0 49
1.0 2.0 0.0 1.0 1.0 0.0 1.0 0.0 0 1
1.0 2.0 1.0 1.0 1.0 1.0 1.0 0.0 0 1
1.0 2.0 1.0 1.0 1.0 2.0 0.0 0.0 0 1
1.0 2.0 1.0 1.0 1.0 2.0 1.0 0.0 0 10
1.0 2.0 1.0 0.0 1.0 1.0 0.0 0.0 0 1
1.0 2.0 3.0 1.0 1.0 3.0 1.0 0.0 0 1
1.0 2.0 0.0 1.0 1.0 0.0 2.0 0.0 1 2
1.0 2.0 2.0 1.0 1.0 2.0 2.0 0.0 1 1
1.0 2.0 3.0 1.0 1.0 3.0 2.0 0.0 1 2
1.0 2.0 3.0 0.0 1.0 3.0 1.0 0.0 1 1
1.0 0.0 0.0 1.0 1.0 0.0 0.0 0.0 0 5
1.0 0.0 3.0 1.0 1.0 3.0 0.0 0.0 0 1
1.0 0.0 0.0 0.0 1.0 0.0 0.0 0.0 0 1
1.0 0.0 1.0 0.0 1.0 0.0 0.0 0.0 0 1
1.0 0.0 1.0 1.0 1.0 0.0 1.0 0.0 0 5
1.0 0.0 3.0 1.0 1.0 2.0 1.0 0.0 1 1
1.0 0.0 0.0 1.0 0.0 0.0 0.0 0.0 0 1
1.0 0.0 1.0 1.0 0.0 1.0 1.0 0.0 0 2
1.0 0.0 3.0 1.0 0.0 3.0 1.0 0.0 0 1
1.0 0.0 1.0 1.0 0.0 2.0 1.0 0.0 0 2
1.0 0.0 2.0 0.0 0.0 3.0 1.0 0.0 0 1
1.0 0.0 1.0 1.0 0.0 1.0 1.0 0.0 0 1
1.0 0.0 0.0 1.0 0.0 0.0 0.0 0.0 1 1
1.0 0.0 1.0 2.0 0.0 1.0 1.0 0.0 1 1
1.0 1.0 1.0 1.0 2.0 2.0 1.0 0.0 0 1
1.0 1.0 2.0 0.0 2.0 3.0 1.0 0.0 0 1
1.0 1.0 2.0 1.0 1.0 2.0 0.0 0.0 0 1
1.0 1.0 0.0 1.0 1.0 0.0 1.0 0.0 0 1
1.0 1.0 1.0 1.0 1.0 1.0 1.0 0.0 0 69
1.0 1.0 3.0 1.0 1.0 3.0 1.0 0.0 0 1
1.0 1.0 1.0 1.0 1.0 1.0 2.0 0.0 0 2
1.0 1.0 0.0 1.0 1.0 1.0 0.0 0.0 0 1
1.0 1.0 1.0 1.0 1.0 2.0 1.0 0.0 0 1
1.0 1.0 2.0 1.0 1.0 3.0 2.0 0.0 0 1
1.0 1.0 1.0 1.0 1.0 0.0 0.0 0.0 0 1
1.0 1.0 1.0 1.0 1.0 0.0 1.0 0.0 0 1
1.0 1.0 2.0 1.0 1.0 2.0 0.0 0.0 0 1
1.0 1.0 2.0 1.0 1.0 2.0 0.0 0.0 1 1
1.0 1.0 3.0 1.0 1.0 3.0 1.0 0.0 1 2
1.0 1.0 0.0 1.0 1.0 0.0 1.0 0.0 1 1
1.0 1.0 0.0 1.0 1.0 1.0 1.0 0.0 1 1
1.0 1.0 2.0 1.0 1.0 2.0 2.0 0.0 1 1
0.0 0.0 2.0 1.0 0.0 2.0 2.0 0.0 0 1
0.0 0.0 1.0 1.0 0.0 2.0 1.0 0.0 1 1
0.0 0.0 1.0 1.0 0.0 2.0 1.0 0.0 0 1
0.0 0.0 2.0 1.0 0.0 3.0 2.0 0.0 0 1
