0.0 0.0 3.0 1.0 0.0 3.0 2.0 0.0 0 1
0.0 0.0 1.0 1.0 0.0 1.0 1.0 0.0 0 1
0.0 0.0 1.0 1.0 0.0 2.0 1.0 0.0 0 1
0.0 0.0 1.0 0.0 0.0 0.0 0.0 0.0 0 2
0.0 0.0 1.0 1.0 0.0 0.0 1.0 0.0 0 1
0.0 0.0 0.0 1.0 0.0 0.0 0.0 0.0 0 1
0.0 1.0 1.0 1.0 0.0 1.0 0.0 0.0 0 1
0.0 1.0 2.0 1.0 0.0 2.0 1.0 0.0 0 2
0.0 1.0 1.0 2.0 0.0 1.0 1.0 0.0 0 1
0.0 1.0 1.0 0.0 0.0 1.0 1.0 0.0 0 1
0.0 1.0 1.0 1.0 0.0 1.0 1.0 0.0 0 30
0.0 1.0 3.0 1.0 0.0 3.0 1.0 0.0 0 1
0.0 1.0 0.0 1.0 0.0 1.0 0.0 0.0 0 4
0.0 1.0 1.0 1.0 0.0 2.0 0.0 0.0 0 1
0.0 1.0 0.0 1.0 0.0 1.0 1.0 0.0 0 1
0.0 1.0 0.0 2.0 0.0 1.0 1.0 0.0 0 1
0.0 1.0 2.0 1.0 0.0 1.0 1.0 0.0 0 1
0.0 1.0 2.0 0.0 0.0 1.0 0.0 0.0 0 1
0.0 1.0 1.0 1.0 0.0 0.0 2.0 0.0 0 1
0.0 1.0 2.0 1.0 0.0 1.0 2.0 0.0 0 9
0.0 1.0 2.0 1.0 0.0 1.0 1.0 0.0 0 1
0.0 1.0 1.0 1.0 0.0 1.0 1.0 0.0 0 13
0.0 1.0 3.0 2.0 0.0 3.0 1.0 0.0 0 1
0.0 1.0 0.0 1.0 0.0 0.0 2.0 0.0 0 1
0.0 1.0 2.0 1.0 0.0 2.0 2.0 0.0 0 1
0.0 1.0 2.0 1.0 0.0 2.0 0.0 0.0 1 1
0.0 1.0 2.0 0.0 0.0 2.0 0.0 0.0 1 1
0.0 1.0 3.0 0.0 0.0 4.0 0.0 0.0 1 1
0.0 1.0 3.0 1.0 1.0 3.0 1.0 0.0 0 1
0.0 1.0 2.0 1.0 1.0 3.0 1.0 0.0 0 1
0.0 1.0 1.0 1.0 1.0 2.0 1.0 0.0 0 1
0.0 1.0 0.0 0.0 1.0 1.0 0.0 0.0 0 1
0.0 1.0 2.0 1.0 1.0 3.0 2.0 0.0 0 1
0.0 1.0 2.0 1.0 1.0 1.0 1.0 0.0 0 1
0.0 1.0 3.0 2.0 1.0 3.0 1.0 0.0 0 1
0.0 1.0 2.0 1.0 1.0 1.0 1.0 0.0 1 1
0.0 2.0 2.0 1.0 1.0 2.0 1.0 0.0 0 2
0.0 2.0 2.0 1.0 1.0 2.0 2.0 0.0 0 2
0.0 2.0 3.0 1.0 1.0 3.0 2.0 0.0 0 1
0.0 2.0 1.0 1.0 1.0 2.0 1.0 0.0 0 3
0.0 2.0 0.0 1.0 1.0 1.0 2.0 0.0 0 1
0.0 2.0 1.0 1.0 1.0 1.0 1.0 0.0 0 1
0.0 0.0 0.0 1.0 0.0 0.0 0.0 0.0 0 2
0.0 0.0 3.0 1.0 0.0 3.0 2.0 0.0 0 1
0.0 0.0 1.0 1.0 0.0 0.0 1.0 0.0 0 5
0.0 0.0 2.0 1.0 0.0 1.0 1.0 0.0 0 1
0.0 0.0 0.0 1.0 0.0 0.0 1.0 0.0 0 1
0.0 0.0 3.0 0.0 0.0 2.0 0.0 0.0 1 1
0.0 0.0 2.0 0.0 0.0 1.0 0.0 0.0 1 1
0.0 1.0 3.0 1.0 2.0 2.0 2.0 0.0 1 1
0.0 1.0 1.0 1.0 1.0 1.0 1.0 0.0 0 1
0.0 1.0 1.0 2.0 1.0 1.0 1.0 0.0 0 1
0.0 1.0 2.0 1.0 1.0 2.0 2.0 0.0 0 1
0.0 1.0 1.0 1.0 1.0 0.0 0.0 0.0 0 1
0.0 1.0 1.0 2.0 1.0 0.0 1.0 0.0 0 1
0.0 1.0 1.0 1.0 1.0 1.0 0.0 0.0 0 1
0.0 0.0 4.0 0.0 0.0 3.0 0.0 1.0 0 1
0.0 0.0 1.0 1.0 0.0 0.0 2.0 1.0 1 1
0.0 1.0 1.0 1.0 0.0 1.0 2.0 1.0 1 1
0.0 1.0 2.0 1.0 0.0 2.0 0.0 1.0 1 1
0.0 1.0 1.0 1.0 1.0 1.0 2.0 1.0 0 1
0.0 1.0 3.0 0.0 1.0 4.0 0.0 1.0 1 1
0.0 2.0 3.0 1.0 1.0 3.0 2.0 1.0 0 1
0.0 0.0 3.0 2.0 1.0 2.0 1.0 1.0 0 1
0.0 0.0 4.0 1.0 0.0 3.0 1.0 1.0 0 1
0.0 0.0 0.0 0.0 0.0 0.0 0.0 1.0 0 1
0.0 0.0 2.0 0.0 0.0 2.0 0.0 1.0 0 1
0.0 0.0 1.0 1.0 0.0 0.0 1.0 1.0 1 1
0.0 1.0 1.0 1.0 2.0 1.0 1.0 1.0 0 1
0.0 1.0 2.0 0.0 2.0 3.0 1.0 1.0 0 1
0.0 1.0 0.0 1.0 2.0 0.0 0.0 1.0 0 1
0.0 1.0 2.0 1.0 1.0 2.0 1.0 1.0 0 1
0.0 1.0 3.0 1.0 1.0 4.0 2.0 1.0 0 1
1.0 0.0 2.0 1.0 0.0 2.0 1.0 0.0 0 1
1.0 0.0 2.0 1.0 0.0 1.0 1.0 0.0 0 1
1.0 0.0 2.0 1.0 0.0 1.0 2.0 0.0 0 5
1.0 0.0 1.0 1.0 0.0 0.0 1.0 0.0 0 1
1.0 0.0 2.0 1.0 0.0 1.0 1.0 0.0 0 1
1.0 0.0 3.0 2.0 0.0 3.0 1.0 0.0 0 1
1.0 0.0 2.0 1.0 0.0 2.0 2.0 0.0 0 1
1.0 0.0 4.0 1.0 0.0 3.0 2.0 0.0 1 1
1.0 0.0 2.0 1.0 0.0 2.0 2.0 0.0 1 1
1.0 1.0 2.0 0.0 0.0 2.0 0.0 0.0 0 1
1.0 1.0 2.0 2.0 0.0 2.0 1.0 0.0 0 1
1.0 1.0 1.0 2.0 0.0 1.0 1.0 0.0 0 1
1.0 1.0 2.0 0.0 0.0 2.0 1.0 0.0 0 2
1.0 1.0 2.0 0.0 0.0 2.0 0.0 0.0 0 1
1.0 1.0 2.0 1.0 0.0 2.0 2.0 0.0 0 10
1.0 1.0 1.0 1.0 0.0 1.0 2.0 0.0 0 1
1.0 1.0 1.0 1.0 0.0 2.0 1.0 0.0 0 2
1.0 1.0 3.0 1.0 0.0 2.0 1.0 0.0 0 1
1.0 1.0 2.0 1.0 0.0 1.0 1.0 0.0 0 1
1.0 1.0 0.0 1.0 0.0 0.0 1.0 0.0 0 1
1.0 1.0 1.0 1.0 0.0 1.0 2.0 0.0 1 1
1.0 1.0 1.0 1.0 0.0 2.0 1.0 0.0 1 1
1.0 1.0 2.0 1.0 0.0 1.0 1.0 0.0 1 1
1.0 1.0 3.0 2.0 0.0 2.0 1.0 0.0 1 1
1.0 1.0 1.0 1.0 1.0 1.0 1.0 0.0 0 1
1.0 1.0 2.0 1.0 1.0 2.0 2.0 0.0 0 5
1.0 1.0 1.0 1.0 1.0 1.0 2.0 0.0 0 1
1.0 1.0 2.0 1.0 1.0 2.0 1.0 0.0 0 1
1.0 1.0 1.0 1.0 1.0 1.0 1.0 0.0 0 14
1.0 1.0 0.0 1.0 1.0 1.0 0.0 0.0 0 10
1.0 1.0 2.0 1.0 1.0 3.0 1.0 0.0 0 2
1.0 1.0 1.0 1.0 1.0 2.0 1.0 0.0 0 3
1.0 1.0 2.0 1.0 1.0 3.0 2.0 0.0 0 1
1.0 1.0 2.0 1.0 1.0 1.0 1.0 0.0 0 4
1.0 1.0 2.0 2.0 1.0 1.0 1.0 0.0 0 1
1.0 1.0 2.0 0.0 1.0 1.0 1.0 0.0 0 1
1.0 1.0 2.0 0.0 1.0 1.0 0.0 0.0 0 2
1.0 1.0 1.0 1.0 1.0 0.0 2.0 0.0 0 2
1.0 1.0 3.0 1.0 1.0 2.0 2.0 0.0 0 1
1.0 1.0 2.0 1.0 1.0 1.0 2.0 0.0 0 62
1.0 1.0 4.0 1.0 1.0 3.0 2.0 0.0 0 6
1.0 1.0 2.0 1.0 1.0 1.0 1.0 0.0 0 2
1.0 1.0 1.0 0.0 1.0 1.0 0.0 0.0 0 6
1.0 1.0 1.0 1.0 1.0 1.0 0.0 0.0 0 1
1.0 1.0 0.0 1.0 1.0 0.0 1.0 0.0 0 2
1.0 1.0 2.0 1.0 1.0 2.0 1.0 0.0 0 2
1.0 1.0 1.0 1.0 1.0 1.0 1.0 0.0 0 63
1.0 1.0 3.0 1.0 1.0 3.0 1.0 0.0 0 2
1.0 1.0 1.0 2.0 1.0 1.0 1.0 0.0 0 1
1.0 1.0 1.0 0.0 1.0 1.0 0.0 0.0 0 1
1.0 1.0 3.0 0.0 1.0 3.0 0.0 0.0 0 1
1.0 1.0 0.0 1.0 1.0 0.0 2.0 0.0 0 3
1.0 1.0 1.0 1.0 1.0 1.0 2.0 0.0 0 1
1.0 1.0 3.0 1.0 1.0 3.0 2.0 0.0 0 1
1.0 1.0 1.0 1.0 1.0 1.0 1.0 0.0 0 1
1.0 1.0 1.0 1.0 1.0 1.0 1.0 0.0 1 1
1.0 1.0 3.0 1.0 1.0 3.0 1.0 0.0 1 1
1.0 1.0 2.0 0.0 1.0 3.0 0.0 0.0 1 1
1.0 1.0 1.0 1.0 1.0 2.0 2.0 0.0 1 1
1.0 1.0 3.0 1.0 1.0 4.0 2.0 0.0 1 1
1.0 1.0 3.0 1.0 1.0 2.0 2.0 0.0 1 1
1.0 1.0 2.0 1.0 1.0 1.0 2.0 0.0 1 2
1.0 1.0 4.0 1.0 1.0 3.0 2.0 0.0 1 1
1.0 1.0 2.0 1.0 1.0 2.0 1.0 0.0 1 3
1.0 1.0 1.0 1.0 1.0 1.0 1.0 0.0 1 2
1.0 1.0 3.0 1.0 1.0 3.0 1.0 0.0 1 1
1.0 1.0 1.0 2.0 1.0 1.0 1.0 0.0 1 1
1.0 1.0 2.0 1.0 1.0 2.0 1.0 0.0 1 2
1.0 2.0 2.0 0.0 1.0 2.0 0.0 0.0 0 1
1.0 2.0 2.0 1.0 1.0 2.0 0.0 0.0 0 1
1.0 2.0 1.0 1.0 1.0 1.0 0.0 0.0 0 1
1.0 2.0 0.0 1.0 1.0 0.0 1.0 0.0 0 1
1.0 2.0 2.0 1.0 1.0 2.0 1.0 0.0 0 6
1.0 2.0 1.0 1.0 1.0 1.0 1.0 0.0 0 1
1.0 2.0 3.0 1.0 1.0 3.0 1.0 0.0 0 1
1.0 2.0 0.0 2.0 1.0 0.0 1.0 0.0 0 1
1.0 2.0 0.0 0.0 1.0 0.0 1.0 0.0 0 1
1.0 2.0 2.0 0.0 1.0 2.0 1.0 0.0 0 16
1.0 2.0 1.0 0.0 1.0 1.0 1.0 0.0 0 1
1.0 2.0 3.0 0.0 1.0 3.0 1.0 0.0 0 1
1.0 2.0 2.0 0.0 1.0 2.0 0.0 0.0 0 5
1.0 2.0 1.0 0.0 1.0 1.0 0.0 0.0 0 1
1.0 2.0 0.0 1.0 1.0 0.0 2.0 0.0 0 4
1.0 2.0 2.0 1.0 1.0 2.0 2.0 0.0 0 219
1.0 2.0 1.0 1.0 1.0 1.0 2.0 0.0 0 6
1.0 2.0 3.0 1.0 1.0 3.0 2.0 0.0 0 5
1.0 2.0 2.0 1.0 1.0 2.0 1.0 0.0 0 3
1.0 2.0 1.0 1.0 1.0 1.0 1.0 0.0 0 1
1.0 2.0 3.0 1.0 1.0 3.0 1.0 0.0 0 1
1.0 2.0 1.0 0.0 1.0 2.0 0.0 0.0 0 4
1.0 2.0 2.0 1.0 1.0 3.0 0.0 0.0 0 1
1.0 2.0 1.0 1.0 1.0 2.0 0.0 0.0 0 4
1.0 2.0 0.0 1.0 1.0 1.0 1.0 0.0 0 2
1.0 2.0 2.0 1.0 1.0 3.0 1.0 0.0 0 1
1.0 2.0 1.0 1.0 1.0 2.0 1.0 0.0 0 92
1.0 2.0 3.0 1.0 1.0 4.0 1.0 0.0 0 1
1.0 2.0 3.0 0.0 1.0 4.0 1.0 0.0 0 1
1.0 2.0 2.0 1.0 1.0 3.0 2.0 0.0 0 1
1.0 2.0 1.0 1.0 1.0 2.0 2.0 0.0 0 1
1.0 2.0 3.0 1.0 1.0 4.0 2.0 0.0 0 4
1.0 2.0 0.0 1.0 1.0 1.0 1.0 0.0 0 2
1.0 2.0 1.0 1.0 1.0 2.0 1.0 0.0 0 1
1.0 2.0 2.0 0.0 1.0 1.0 0.0 0.0 0 1
1.0 2.0 3.0 1.0 1.0 2.0 0.0 0.0 0 1
1.0 2.0 2.0 1.0 1.0 1.0 1.0 0.0 0 1
1.0 2.0 3.0 0.0 1.0 2.0 1.0 0.0 0 3
1.0 2.0 3.0 0.0 1.0 2.0 0.0 0.0 0 1
1.0 2.0 2.0 0.0 1.0 1.0 0.0 0.0 0 1
1.0 2.0 4.0 0.0 1.0 3.0 0.0 0.0 0 1
1.0 2.0 3.0 1.0 1.0 2.0 2.0 0.0 0 6
1.0 2.0 1.0 1.0 1.0 0.0 1.0 0.0 0 2
1.0 2.0 2.0 1.0 1.0 2.0 0.0 0.0 0 1
1.0 2.0 2.0 1.0 1.0 2.0 1.0 0.0 0 1
1.0 2.0 1.0 1.0 1.0 1.0 1.0 0.0 0 1
1.0 2.0 3.0 1.0 1.0 3.0 1.0 0.0 0 1
1.0 2.0 2.0 1.0 1.0 2.0 2.0 0.0 0 1
1.0 2.0 3.0 1.0 1.0 3.0 1.0 0.0 0 1
1.0 2.0 1.0 1.0 1.0 1.0 1.0 0.0 1 1
1.0 2.0 0.0 0.0 1.0 0.0 1.0 0.0 1 1
1.0 2.0 2.0 0.0 1.0 2.0 1.0 0.0 1 1
1.0 2.0 0.0 1.0 1.0 0.0 2.0 0.0 1 5
1.0 2.0 2.0 1.0 1.0 2.0 2.0 0.0 1 2
1.0 2.0 1.0 1.0 1.0 1.0 2.0 0.0 1 3
1.0 2.0 3.0 1.0 1.0 3.0 2.0 0.0 1 4
1.0 2.0 0.0 1.0 1.0 0.0 1.0 0.0 1 1
1.0 2.0 0.0 0.0 1.0 1.0 0.0 0.0 1 1
1.0 2.0 0.0 1.0 1.0 1.0 0.0 0.0 1 1
1.0 2.0 1.0 1.0 1.0 2.0 0.0 0.0 1 1
1.0 2.0 0.0 1.0 1.0 1.0 1.0 0.0 1 1
1.0 2.0 2.0 1.0 1.0 3.0 1.0 0.0 1 3
1.0 2.0 1.0 1.0 1.0 2.0 1.0 0.0 1 1
1.0 2.0 3.0 1.0 1.0 4.0 1.0 0.0 1 2
1.0 2.0 2.0 1.0 1.0 3.0 1.0 0.0 1 1
1.0 2.0 3.0 1.0 1.0 4.0 1.0 0.0 1 1
1.0 2.0 3.0 0.0 1.0 2.0 0.0 0.0 1 1
1.0 2.0 3.0 1.0 1.0 2.0 1.0 0.0 1 2
1.0 2.0 2.0 1.0 1.0 1.0 2.0 0.0 1 1
1.0 2.0 2.0 1.0 1.0 2.0 1.0 0.0 1 1
1.0 2.0 3.0 1.0 1.0 3.0 1.0 0.0 1 1
1.0 0.0 0.0 1.0 1.0 0.0 0.0 0.0 0 1
1.0 0.0 3.0 1.0 1.0 3.0 2.0 0.0 0 1
1.0 0.0 1.0 1.0 1.0 1.0 1.0 0.0 0 1
1.0 0.0 1.0 1.0 1.0 0.0 0.0 0.0 0 1
1.0 0.0 1.0 1.0 1.0 0.0 1.0 0.0 0 9
1.0 0.0 1.0 1.0 1.0 1.0 1.0 0.0 0 1
1.0 0.0 1.0 1.0 1.0 0.0 1.0 0.0 1 1
1.0 0.0 2.0 2.0 1.0 1.0 1.0 0.0 1 1
1.0 0.0 3.0 1.0 0.0 4.0 1.0 0.0 0 1
1.0 0.0 2.0 1.0 0.0 1.0 1.0 0.0 0 1
1.0 0.0 1.0 2.0 0.0 1.0 1.0 0.0 0 1
1.0 0.0 3.0 1.0 0.0 3.0 2.0 0.0 0 1
1.0 0.0 1.0 1.0 0.0 1.0 1.0 0.0 1 1
1.0 1.0 1.0 0.0 2.0 1.0 0.0 0.0 0 1
1.0 1.0 2.0 1.0 2.0 2.0 2.0 0.0 0 1
1.0 1.0 3.0 1.0 2.0 4.0 2.0 0.0 0 1
1.0 1.0 2.0 1.0 2.0 1.0 2.0 0.0 0 1
1.0 1.0 3.0 1.0 2.0 3.0 2.0 0.0 0 1
1.0 1.0 2.0 1.0 2.0 3.0 1.0 0.0 1 1
1.0 1.0 1.0 0.0 1.0 1.0 0.0 0.0 0 5
1.0 1.0 0.0 1.0 1.0 0.0 1.0 0.0 0 1
1.0 1.0 1.0 1.0 1.0 1.0 1.0 0.0 0 35
1.0 1.0 3.0 1.0 1.0 3.0 1.0 0.0 0 1
1.0 1.0 1.0 2.0 1.0 1.0 1.0 0.0 0 1
1.0 1.0 2.0 1.0 1.0 2.0 2.0 0.0 0 4
1.0 1.0 1.0 1.0 1.0 1.0 2.0 0.0 0 1
1.0 1.0 3.0 1.0 1.0 3.0 2.0 0.0 0 3
1.0 1.0 3.0 1.0 1.0 4.0 0.0 0.0 0 1
1.0 1.0 1.0 1.0 1.0 2.0 1.0 0.0 0 5
1.0 1.0 1.0 0.0 1.0 2.0 1.0 0.0 0 1
1.0 1.0 2.0 1.0 1.0 3.0 1.0 0.0 0 1
1.0 1.0 2.0 1.0 1.0 1.0 0.0 0.0 0 1
1.0 1.0 2.0 1.0 1.0 1.0 1.0 0.0 0 1
1.0 1.0 2.0 2.0 1.0 1.0 1.0 0.0 0 1
1.0 1.0 3.0 0.0 1.0 2.0 0.0 0.0 0 1
1.0 1.0 2.0 1.0 1.0 1.0 2.0 0.0 0 1
1.0 1.0 0.0 1.0 1.0 0.0 0.0 0.0 1 1
1.0 1.0 3.0 1.0 1.0 3.0 1.0 0.0 1 1
1.0 1.0 0.0 0.0 1.0 1.0 0.0 0.0 1 1
1.0 1.0 3.0 1.0 1.0 4.0 2.0 0.0 1 1
1.0 1.0 2.0 1.0 1.0 1.0 1.0 0.0 1 1
0.0 0.0 2.0 1.0 0.0 2.0 2.0 0.0 0 1
0.0 0.0 1.0 1.0 0.0 2.0 2.0 0.0 0 1
0.0 0.0 1.0 0.0 0.0 0.0 0.0 0.0 0 1
0.0 0.0 1.0 1.0 0.0 0.0 1.0 0.0 0 2
0.0 0.0 2.0 1.0 0.0 1.0 2.0 0.0 0 2
0.0 0.0 3.0 1.0 0.0 3.0 2.0 0.0 0 1
0.0 0.0 3.0 1.0 0.0 2.0 1.0 0.0 1 1
0.0 0.0 2.0 1.0 0.0 1.0 2.0 0.0 1 1
0.0 1.0 1.0 0.0 0.0 1.0 0.0 0.0 0 1
0.0 1.0 1.0 1.0 0.0 1.0 1.0 0.0 0 5
0.0 1.0 3.0 0.0 0.0 3.0 1.0 0.0 0 1
0.0 1.0 1.0 1.0 0.0 1.0 2.0 0.0 0 1
0.0 1.0 3.0 1.0 0.0 3.0 2.0 0.0 0 1
0.0 1.0 1.0 1.0 0.0 2.0 1.0 0.0 0 1
0.0 1.0 3.0 1.0 0.0 4.0 1.0 0.0 0 1
0.0 1.0 2.0 1.0 0.0 3.0 2.0 0.0 0 1
0.0 1.0 1.0 1.0 0.0 0.0 1.0 0.0 0 1
0.0 1.0 3.0 1.0 0.0 2.0 2.0 0.0 0 1
0.0 1.0 2.0 1.0 0.0 2.0 1.0 0.0 1 1
0.0 1.0 3.0 0.0 0.0 4.0 0.0 0.0 1 1
0.0 1.0 2.0 0.0 0.0 1.0 0.0 0.0 1 1
0.0 1.0 2.0 1.0 1.0 2.0 1.0 0.0 0 2
0.0 1.0 2.0 0.0 1.0 2.0 1.0 0.0 0 1
0.0 1.0 2.0 0.0 1.0 1.0 1.0 0.0 0 1
0.0 1.0 2.0 1.0 1.0 1.0 2.0 0.0 0 1
0.0 1.0 0.0 1.0 1.0 0.0 0.0 0.0 0 1
0.0 1.0 0.0 1.0 1.0 0.0 0.0 0.0 1 1
0.0 2.0 2.0 0.0 1.0 2.0 1.0 0.0 0 1
0.0 2.0 2.0 1.0 1.0 2.0 2.0 0.0 0 1
0.0 2.0 1.0 1.0 1.0 2.0 1.0 0.0 0 2
0.0 2.0 2.0 1.0 1.0 2.0 1.0 0.0 1 1
0.0 0.0 2.0 1.0 1.0 2.0 2.0 0.0 0 1
0.0 0.0 1.0 1.0 1.0 0.0 1.0 0.0 0 1
0.0 0.0 1.0 1.0 1.0 1.0 1.0 0.0 0 1
0.0 0.0 1.0 1.0 0.0 2.0 1.0 0.0 0 1
0.0 0.0 0.0 1.0 0.0 1.0 1.0 0.0 1 1
0.0 1.0 1.0 1.0 2.0 1.0 1.0 0.0 0 2
0.0 1.0 2.0 1.0 2.0 3.0 1.0 0.0 0 1
0.0 1.0 1.0 1.0 2.0 1.0 2.0 0.0 0 1
0.0 1.0 2.0 1.0 1.0 2.0 2.0 0.0 0 1
0.0 1.0 1.0 1.0 1.0 2.0 1.0 0.0 0 3
0.0 1.0 3.0 1.0 1.0 4.0 1.0 0.0 0 1
0.0 1.0 2.0 1.0 1.0 1.0 1.0 0.0 0 1
0.0 1.0 1.0 0.0 1.0 1.0 0.0 0.0 0 1
0.0 1.0 2.0 1.0 1.0 2.0 2.0 0.0 0 1
