0.0 0.0 1.0 0.0 0.0 1.0 0.0 0.0 0 1
0.0 0.0 1.0 0.0 0.0 1.0 1.0 0.0 1 1
0.0 0.0 3.0 2.0 0.0 2.0 1.0 0.0 1 1
0.0 0.0 4.0 0.0 0.0 3.0 0.0 0.0 1 1
0.0 0.0 1.0 0.0 0.0 1.0 0.0 0.0 1 1
0.0 1.0 1.0 1.0 0.0 1.0 0.0 0.0 0 1
0.0 1.0 2.0 0.0 0.0 2.0 1.0 0.0 0 1
0.0 1.0 1.0 0.0 0.0 1.0 0.0 0.0 0 2
0.0 1.0 1.0 1.0 0.0 1.0 1.0 0.0 0 11
0.0 1.0 3.0 1.0 0.0 3.0 1.0 0.0 0 1
0.0 1.0 0.0 1.0 0.0 1.0 0.0 0.0 0 4
0.0 1.0 1.0 1.0 0.0 2.0 1.0 0.0 0 1
0.0 1.0 2.0 1.0 0.0 3.0 2.0 0.0 0 2
0.0 1.0 1.0 1.0 0.0 2.0 2.0 0.0 0 1
0.0 1.0 2.0 0.0 0.0 1.0 0.0 0.0 0 1
0.0 1.0 4.0 0.0 0.0 3.0 0.0 0.0 0 1
0.0 1.0 2.0 2.0 0.0 1.0 1.0 0.0 0 1
0.0 1.0 1.0 0.0 0.0 0.0 1.0 0.0 0 1
0.0 1.0 2.0 0.0 0.0 1.0 1.0 0.0 0 1
0.0 1.0 2.0 1.0 0.0 1.0 2.0 0.0 0 8
0.0 1.0 2.0 1.0 0.0 1.0 1.0 0.0 0 1
0.0 1.0 1.0 0.0 0.0 1.0 0.0 0.0 0 4
0.0 1.0 1.0 1.0 0.0 1.0 1.0 0.0 0 15
0.0 1.0 1.0 1.0 0.0 1.0 1.0 0.0 0 1
0.0 1.0 1.0 1.0 0.0 1.0 1.0 0.0 1 1
0.0 1.0 2.0 1.0 0.0 1.0 1.0 0.0 1 1
0.0 1.0 3.0 0.0 0.0 2.0 0.0 0.0 1 1
0.0 1.0 3.0 1.0 0.0 2.0 2.0 0.0 1 2
0.0 1.0 4.0 1.0 0.0 3.0 2.0 0.0 1 1
0.0 1.0 1.0 1.0 0.0 1.0 0.0 0.0 1 1
0.0 1.0 2.0 1.0 0.0 2.0 1.0 0.0 1 1
0.0 1.0 2.0 0.0 1.0 2.0 0.0 0.0 0 1
0.0 1.0 2.0 1.0 1.0 2.0 2.0 0.0 0 3
0.0 1.0 1.0 1.0 1.0 1.0 2.0 0.0 0 1
0.0 1.0 3.0 1.0 1.0 3.0 2.0 0.0 1 1
0.0 1.0 2.0 1.0 1.0 1.0 2.0 0.0 1 1
0.0 2.0 1.0 1.0 1.0 1.0 1.0 0.0 0 1
0.0 2.0 2.0 1.0 1.0 2.0 2.0 0.0 0 1
0.0 2.0 1.0 1.0 1.0 1.0 1.0 0.0 0 1
0.0 2.0 3.0 1.0 1.0 4.0 2.0 0.0 0 1
0.0 2.0 1.0 1.0 1.0 2.0 1.0 0.0 0 1
0.0 2.0 2.0 0.0 1.0 1.0 1.0 0.0 0 1
0.0 2.0 2.0 1.0 1.0 1.0 2.0 0.0 0 1
0.0 2.0 1.0 0.0 1.0 1.0 0.0 0.0 0 1
0.0 2.0 1.0 1.0 1.0 1.0 2.0 0.0 0 1
0.0 2.0 3.0 1.0 1.0 3.0 1.0 0.0 0 1
0.0 2.0 0.0 1.0 1.0 1.0 1.0 0.0 1 1
0.0 2.0 3.0 0.0 1.0 4.0 0.0 0.0 1 1
0.0 0.0 0.0 1.0 1.0 1.0 1.0 0.0 0 1
0.0 0.0 2.0 1.0 1.0 1.0 2.0 0.0 0 1
0.0 0.0 0.0 1.0 1.0 0.0 1.0 0.0 0 1
0.0 0.0 0.0 0.0 1.0 0.0 0.0 0.0 0 1
0.0 0.0 0.0 1.0 0.0 0.0 0.0 0.0 0 1
0.0 0.0 1.0 1.0 0.0 1.0 1.0 0.0 0 2
0.0 0.0 2.0 0.0 0.0 2.0 1.0 0.0 0 1
0.0 0.0 2.0 1.0 0.0 2.0 2.0 0.0 0 1
0.0 0.0 1.0 1.0 0.0 2.0 1.0 0.0 0 3
0.0 0.0 2.0 0.0 0.0 3.0 0.0 0.0 0 1
0.0 0.0 1.0 1.0 0.0 0.0 1.0 0.0 0 3
0.0 0.0 2.0 1.0 0.0 1.0 2.0 0.0 0 1
0.0 0.0 0.0 2.0 0.0 0.0 1.0 0.0 1 1
0.0 0.0 2.0 0.0 0.0 2.0 1.0 0.0 1 1
0.0 0.0 1.0 1.0 0.0 1.0 2.0 0.0 1 1
0.0 0.0 0.0 0.0 0.0 1.0 1.0 0.0 1 1
0.0 0.0 3.0 0.0 0.0 2.0 0.0 0.0 1 1
0.0 0.0 3.0 1.0 0.0 2.0 0.0 0.0 1 1
0.0 0.0 4.0 0.0 0.0 3.0 0.0 0.0 1 1
0.0 1.0 2.0 0.0 2.0 2.0 0.0 0.0 0 1
0.0 1.0 1.0 1.0 2.0 2.0 1.0 0.0 0 1
0.0 1.0 2.0 0.0 2.0 3.0 1.0 0.0 0 1
0.0 1.0 2.0 1.0 2.0 1.0 2.0 0.0 0 1
0.0 1.0 2.0 1.0 2.0 2.0 2.0 0.0 1 1
0.0 1.0 1.0 1.0 2.0 1.0 2.0 0.0 1 1
0.0 1.0 3.0 0.0 1.0 3.0 0.0 0.0 0 1
0.0 1.0 1.0 0.0 1.0 1.0 0.0 0.0 0 1
0.0 1.0 1.0 0.0 1.0 2.0 0.0 0.0 0 1
0.0 1.0 0.0 1.0 1.0 1.0 0.0 0.0 0 1
0.0 1.0 1.0 0.0 1.0 0.0 1.0 0.0 0 1
0.0 1.0 2.0 1.0 1.0 1.0 2.0 0.0 0 1
0.0 1.0 4.0 1.0 1.0 3.0 2.0 0.0 0 1
0.0 1.0 1.0 0.0 1.0 1.0 0.0 0.0 0 1
0.0 1.0 2.0 1.0 1.0 2.0 0.0 0.0 0 1
0.0 1.0 1.0 2.0 1.0 1.0 1.0 0.0 0 1
0.0 1.0 3.0 1.0 1.0 3.0 2.0 0.0 0 1
0.0 1.0 2.0 1.0 1.0 2.0 1.0 0.0 0 1
0.0 1.0 2.0 0.0 1.0 3.0 0.0 0.0 1 1
0.0 1.0 0.0 2.0 1.0 1.0 1.0 0.0 1 1
0.0 1.0 1.0 1.0 1.0 2.0 2.0 0.0 1 1
0.0 1.0 1.0 0.0 1.0 0.0 0.0 0.0 1 1
0.0 1.0 3.0 0.0 1.0 2.0 0.0 0.0 1 1
0.0 1.0 1.0 1.0 1.0 0.0 1.0 0.0 1 1
0.0 1.0 3.0 1.0 1.0 2.0 1.0 0.0 1 1
0.0 1.0 3.0 0.0 1.0 2.0 0.0 0.0 1 1
0.0 1.0 2.0 1.0 1.0 1.0 2.0 0.0 1 1
0.0 1.0 2.0 0.0 1.0 2.0 0.0 0.0 1 1
0.0 1.0 3.0 0.0 1.0 3.0 1.0 0.0 1 1
0.0 0.0 3.0 1.0 0.0 4.0 2.0 1.0 0 1
0.0 1.0 1.0 0.0 0.0 2.0 0.0 1.0 0 1
0.0 1.0 2.0 1.0 0.0 3.0 2.0 1.0 0 1
0.0 1.0 2.0 1.0 1.0 2.0 1.0 1.0 1 1
0.0 2.0 3.0 0.0 1.0 4.0 1.0 1.0 0 1
0.0 0.0 2.0 1.0 0.0 3.0 1.0 1.0 0 1
0.0 0.0 2.0 0.0 0.0 3.0 1.0 1.0 0 1
0.0 0.0 1.0 1.0 0.0 0.0 1.0 1.0 0 1
0.0 0.0 1.0 1.0 0.0 0.0 2.0 1.0 0 1
0.0 0.0 1.0 0.0 0.0 1.0 0.0 1.0 0 1
0.0 0.0 1.0 1.0 0.0 1.0 1.0 1.0 0 1
0.0 1.0 2.0 1.0 2.0 2.0 2.0 1.0 0 1
0.0 1.0 2.0 1.0 1.0 3.0 1.0 1.0 0 1
0.0 1.0 2.0 1.0 1.0 2.0 2.0 1.0 0 1
0.0 1.0 0.0 1.0 1.0 0.0 1.0 1.0 1 1
1.0 0.0 2.0 1.0 0.0 2.0 2.0 0.0 0 1
1.0 0.0 1.0 1.0 0.0 1.0 2.0 0.0 0 1
1.0 0.0 3.0 1.0 0.0 3.0 2.0 0.0 0 1
1.0 0.0 2.0 1.0 0.0 2.0 1.0 0.0 0 1
1.0 0.0 1.0 1.0 0.0 1.0 1.0 0.0 0 1
1.0 0.0 1.0 0.0 0.0 2.0 0.0 0.0 0 1
1.0 0.0 0.0 1.0 0.0 1.0 0.0 0.0 0 1
1.0 0.0 1.0 1.0 0.0 2.0 1.0 0.0 0 2
1.0 0.0 0.0 1.0 0.0 1.0 1.0 0.0 0 1
1.0 0.0 2.0 0.0 0.0 1.0 0.0 0.0 0 2
1.0 0.0 2.0 0.0 0.0 1.0 1.0 0.0 0 1
1.0 0.0 3.0 0.0 0.0 2.0 0.0 0.0 0 1
1.0 0.0 2.0 0.0 0.0 1.0 0.0 0.0 0 1
1.0 0.0 4.0 0.0 0.0 3.0 0.0 0.0 0 1
1.0 0.0 2.0 1.0 0.0 1.0 2.0 0.0 0 2
1.0 0.0 4.0 1.0 0.0 3.0 1.0 0.0 0 1
1.0 0.0 1.0 1.0 0.0 1.0 1.0 0.0 0 7
1.0 0.0 0.0 2.0 0.0 0.0 1.0 0.0 0 1
1.0 0.0 2.0 2.0 0.0 2.0 1.0 0.0 0 1
1.0 0.0 1.0 0.0 0.0 1.0 1.0 0.0 0 1
1.0 0.0 2.0 1.0 0.0 2.0 2.0 0.0 0 4
1.0 0.0 3.0 1.0 0.0 3.0 2.0 0.0 0 1
1.0 0.0 2.0 1.0 0.0 2.0 1.0 0.0 1 1
1.0 0.0 1.0 1.0 0.0 1.0 1.0 0.0 1 1
1.0 0.0 0.0 1.0 0.0 1.0 0.0 0.0 1 1
1.0 0.0 1.0 1.0 0.0 2.0 1.0 0.0 1 1
1.0 0.0 3.0 0.0 0.0 2.0 0.0 0.0 1 1
1.0 0.0 2.0 0.0 0.0 1.0 0.0 0.0 1 1
1.0 0.0 3.0 1.0 0.0 2.0 2.0 0.0 1 1
1.0 0.0 1.0 0.0 0.0 1.0 0.0 0.0 1 1
1.0 0.0 0.0 1.0 0.0 0.0 2.0 0.0 1 1
1.0 0.0 2.0 1.0 0.0 2.0 1.0 0.0 1 1
1.0 1.0 2.0 1.0 0.0 2.0 1.0 0.0 0 1
1.0 1.0 2.0 0.0 0.0 2.0 1.0 0.0 0 1
1.0 1.0 0.0 1.0 0.0 0.0 2.0 0.0 0 1
1.0 1.0 2.0 1.0 0.0 2.0 2.0 0.0 0 5
1.0 1.0 1.0 1.0 0.0 1.0 2.0 0.0 0 1
1.0 1.0 0.0 1.0 0.0 0.0 1.0 0.0 0 1
1.0 1.0 0.0 0.0 0.0 1.0 0.0 0.0 0 1
1.0 1.0 1.0 0.0 0.0 2.0 0.0 0.0 0 1
1.0 1.0 3.0 0.0 0.0 4.0 0.0 0.0 0 1
1.0 1.0 1.0 1.0 0.0 2.0 1.0 0.0 0 2
1.0 1.0 1.0 0.0 0.0 2.0 1.0 0.0 0 1
1.0 1.0 0.0 1.0 0.0 1.0 2.0 0.0 0 1
1.0 1.0 2.0 1.0 0.0 3.0 2.0 0.0 0 2
1.0 1.0 2.0 2.0 0.0 1.0 1.0 0.0 0 1
1.0 1.0 2.0 1.0 0.0 1.0 2.0 0.0 0 1
1.0 1.0 2.0 2.0 0.0 2.0 1.0 0.0 1 1
1.0 1.0 0.0 1.0 0.0 0.0 2.0 0.0 1 2
1.0 1.0 3.0 1.0 0.0 3.0 2.0 0.0 1 2
1.0 1.0 0.0 1.0 0.0 0.0 1.0 0.0 1 1
1.0 1.0 2.0 2.0 0.0 3.0 1.0 0.0 1 1
1.0 1.0 3.0 0.0 0.0 4.0 0.0 0.0 1 1
1.0 1.0 1.0 0.0 0.0 0.0 0.0 0.0 1 1
1.0 1.0 4.0 0.0 0.0 3.0 0.0 0.0 1 1
1.0 1.0 4.0 1.0 0.0 3.0 1.0 0.0 1 1
1.0 1.0 1.0 1.0 0.0 0.0 1.0 0.0 1 1
1.0 1.0 4.0 1.0 0.0 3.0 1.0 0.0 1 1
1.0 1.0 1.0 1.0 0.0 1.0 1.0 0.0 1 1
1.0 1.0 1.0 1.0 1.0 1.0 0.0 0.0 0 1
1.0 1.0 2.0 0.0 1.0 2.0 1.0 0.0 0 1
1.0 1.0 2.0 0.0 1.0 2.0 0.0 0.0 0 1
1.0 1.0 1.0 0.0 1.0 1.0 0.0 0.0 0 4
1.0 1.0 0.0 1.0 1.0 0.0 2.0 0.0 0 1
1.0 1.0 2.0 1.0 1.0 2.0 2.0 0.0 0 8
1.0 1.0 1.0 1.0 1.0 1.0 2.0 0.0 0 1
1.0 1.0 0.0 1.0 1.0 0.0 1.0 0.0 0 1
1.0 1.0 1.0 1.0 1.0 1.0 1.0 0.0 0 29
1.0 1.0 1.0 0.0 1.0 2.0 0.0 0.0 0 2
1.0 1.0 0.0 1.0 1.0 1.0 0.0 0.0 0 8
1.0 1.0 2.0 1.0 1.0 3.0 0.0 0.0 0 1
1.0 1.0 0.0 0.0 1.0 1.0 0.0 0.0 0 1
1.0 1.0 1.0 1.0 1.0 0.0 1.0 0.0 0 1
1.0 1.0 2.0 1.0 1.0 1.0 1.0 0.0 0 4
1.0 1.0 4.0 1.0 1.0 3.0 1.0 0.0 0 2
1.0 1.0 2.0 2.0 1.0 1.0 1.0 0.0 0 1
1.0 1.0 1.0 0.0 1.0 0.0 1.0 0.0 0 1
1.0 1.0 2.0 0.0 1.0 1.0 1.0 0.0 0 8
1.0 1.0 2.0 0.0 1.0 1.0 0.0 0.0 0 1
1.0 1.0 3.0 1.0 1.0 2.0 2.0 0.0 0 1
1.0 1.0 2.0 1.0 1.0 1.0 2.0 0.0 0 55
1.0 1.0 4.0 1.0 1.0 3.0 2.0 0.0 0 2
1.0 1.0 1.0 1.0 1.0 0.0 1.0 0.0 0 1
1.0 1.0 2.0 1.0 1.0 1.0 1.0 0.0 0 1
1.0 1.0 1.0 0.0 1.0 1.0 0.0 0.0 0 12
1.0 1.0 1.0 1.0 1.0 1.0 0.0 0.0 0 1
1.0 1.0 3.0 1.0 1.0 3.0 0.0 0.0 0 1
1.0 1.0 0.0 1.0 1.0 0.0 1.0 0.0 0 2
1.0 1.0 2.0 1.0 1.0 2.0 1.0 0.0 0 1
1.0 1.0 1.0 1.0 1.0 1.0 1.0 0.0 0 56
1.0 1.0 3.0 1.0 1.0 3.0 1.0 0.0 0 1
1.0 1.0 1.0 2.0 1.0 1.0 1.0 0.0 0 1
1.0 1.0 1.0 0.0 1.0 1.0 1.0 0.0 0 1
1.0 1.0 1.0 1.0 1.0 1.0 2.0 0.0 0 2
1.0 1.0 2.0 1.0 1.0 2.0 0.0 0.0 1 1
1.0 1.0 0.0 2.0 1.0 0.0 1.0 0.0 1 1
1.0 1.0 2.0 0.0 1.0 2.0 1.0 0.0 1 1
1.0 1.0 1.0 1.0 1.0 1.0 2.0 0.0 1 1
1.0 1.0 3.0 1.0 1.0 3.0 2.0 0.0 1 1
1.0 1.0 3.0 1.0 1.0 3.0 1.0 0.0 1 2
1.0 1.0 1.0 2.0 1.0 2.0 1.0 0.0 1 1
1.0 1.0 3.0 2.0 1.0 4.0 1.0 0.0 1 1
1.0 1.0 2.0 1.0 1.0 3.0 2.0 0.0 1 1
1.0 1.0 2.0 0.0 1.0 1.0 0.0 0.0 1 1
1.0 1.0 4.0 1.0 1.0 3.0 1.0 0.0 1 1
1.0 1.0 3.0 0.0 1.0 2.0 1.0 0.0 1 1
1.0 1.0 3.0 1.0 1.0 2.0 2.0 0.0 1 5
1.0 1.0 2.0 1.0 1.0 1.0 2.0 0.0 1 1
1.0 1.0 4.0 1.0 1.0 3.0 2.0 0.0 1 3
1.0 1.0 0.0 0.0 1.0 0.0 0.0 0.0 1 1
1.0 1.0 2.0 1.0 1.0 2.0 1.0 0.0 1 4
1.0 1.0 3.0 1.0 1.0 3.0 1.0 0.0 1 1
1.0 1.0 0.0 0.0 1.0 0.0 1.0 0.0 1 1
1.0 1.0 1.0 1.0 1.0 1.0 2.0 0.0 1 1
1.0 2.0 2.0 0.0 1.0 2.0 0.0 0.0 0 3
1.0 2.0 3.0 1.0 1.0 3.0 0.0 0.0 0 1
1.0 2.0 2.0 1.0 1.0 2.0 1.0 0.0 0 17
1.0 2.0 3.0 1.0 1.0 3.0 1.0 0.0 0 1
1.0 2.0 2.0 2.0 1.0 2.0 1.0 0.0 0 1
1.0 2.0 0.0 0.0 1.0 0.0 1.0 0.0 0 2
1.0 2.0 2.0 0.0 1.0 2.0 1.0 0.0 0 17
1.0 2.0 1.0 0.0 1.0 1.0 1.0 0.0 0 1
1.0 2.0 2.0 0.0 1.0 2.0 0.0 0.0 0 1
1.0 2.0 0.0 1.0 1.0 0.0 2.0 0.0 0 5
1.0 2.0 2.0 1.0 1.0 2.0 2.0 0.0 0 83
1.0 2.0 1.0 1.0 1.0 1.0 2.0 0.0 0 1
1.0 2.0 3.0 1.0 1.0 3.0 2.0 0.0 0 4
1.0 2.0 2.0 1.0 1.0 2.0 1.0 0.0 0 1
1.0 2.0 1.0 1.0 1.0 1.0 1.0 0.0 0 1
1.0 2.0 1.0 0.0 1.0 2.0 0.0 0.0 0 8
1.0 2.0 3.0 0.0 1.0 4.0 0.0 0.0 0 1
1.0 2.0 0.0 1.0 1.0 1.0 0.0 0.0 0 2
1.0 2.0 0.0 1.0 1.0 1.0 1.0 0.0 0 2
1.0 2.0 2.0 1.0 1.0 3.0 1.0 0.0 0 1
1.0 2.0 1.0 1.0 1.0 2.0 1.0 0.0 0 56
1.0 2.0 3.0 1.0 1.0 4.0 1.0 0.0 0 1
1.0 2.0 1.0 2.0 1.0 2.0 1.0 0.0 0 3
1.0 2.0 2.0 0.0 1.0 3.0 1.0 0.0 0 2
1.0 2.0 1.0 0.0 1.0 2.0 1.0 0.0 0 1
1.0 2.0 1.0 0.0 1.0 2.0 0.0 0.0 0 1
1.0 2.0 0.0 1.0 1.0 1.0 2.0 0.0 0 2
1.0 2.0 2.0 1.0 1.0 3.0 2.0 0.0 0 3
1.0 2.0 1.0 1.0 1.0 2.0 2.0 0.0 0 3
1.0 2.0 3.0 1.0 1.0 4.0 2.0 0.0 0 1
1.0 2.0 1.0 1.0 1.0 2.0 1.0 0.0 0 1
1.0 2.0 2.0 1.0 1.0 1.0 1.0 0.0 0 1
1.0 2.0 4.0 2.0 1.0 3.0 1.0 0.0 0 1
1.0 2.0 3.0 0.0 1.0 2.0 1.0 0.0 0 1
1.0 2.0 4.0 0.0 1.0 3.0 1.0 0.0 0 1
1.0 2.0 3.0 0.0 1.0 2.0 0.0 0.0 0 2
1.0 2.0 4.0 0.0 1.0 3.0 0.0 0.0 0 1
1.0 2.0 3.0 1.0 1.0 2.0 2.0 0.0 0 1
1.0 2.0 2.0 1.0 1.0 1.0 2.0 0.0 0 2
1.0 2.0 3.0 1.0 1.0 2.0 1.0 0.0 0 2
1.0 2.0 1.0 0.0 1.0 1.0 0.0 0.0 0 1
1.0 2.0 2.0 1.0 1.0 2.0 1.0 0.0 0 1
1.0 2.0 1.0 1.0 1.0 1.0 1.0 0.0 0 3
1.0 2.0 2.0 2.0 1.0 2.0 1.0 0.0 0 1
1.0 2.0 1.0 0.0 1.0 1.0 1.0 0.0 0 1
1.0 2.0 2.0 1.0 1.0 2.0 2.0 0.0 0 1
1.0 2.0 0.0 1.0 1.0 0.0 1.0 0.0 0 1
1.0 2.0 2.0 1.0 1.0 2.0 1.0 0.0 0 1
1.0 2.0 0.0 0.0 1.0 0.0 0.0 0.0 1 1
1.0 2.0 1.0 0.0 1.0 1.0 0.0 0.0 1 1
1.0 2.0 1.0 1.0 1.0 1.0 1.0 0.0 1 1
1.0 2.0 0.0 0.0 1.0 0.0 1.0 0.0 1 1
1.0 2.0 3.0 0.0 1.0 3.0 1.0 0.0 1 1
1.0 2.0 3.0 0.0 1.0 3.0 0.0 0.0 1 2
1.0 2.0 0.0 1.0 1.0 0.0 2.0 0.0 1 3
1.0 2.0 2.0 1.0 1.0 2.0 2.0 0.0 1 7
1.0 2.0 1.0 1.0 1.0 1.0 2.0 0.0 1 5
1.0 2.0 3.0 1.0 1.0 3.0 2.0 0.0 1 8
1.0 2.0 2.0 1.0 1.0 2.0 1.0 0.0 1 1
1.0 2.0 3.0 1.0 1.0 3.0 1.0 0.0 1 2
1.0 2.0 2.0 0.0 1.0 3.0 0.0 0.0 1 2
1.0 2.0 2.0 1.0 1.0 3.0 1.0 0.0 1 8
1.0 2.0 1.0 1.0 1.0 2.0 1.0 0.0 1 2
1.0 2.0 3.0 2.0 1.0 4.0 1.0 0.0 1 1
1.0 2.0 1.0 0.0 1.0 2.0 1.0 0.0 1 1
1.0 2.0 0.0 1.0 1.0 1.0 2.0 0.0 1 1
1.0 2.0 2.0 1.0 1.0 3.0 2.0 0.0 1 1
1.0 2.0 3.0 1.0 1.0 4.0 2.0 0.0 1 2
1.0 2.0 3.0 0.0 1.0 2.0 0.0 0.0 1 1
1.0 2.0 3.0 1.0 1.0 2.0 1.0 0.0 1 1
1.0 2.0 2.0 1.0 1.0 1.0 1.0 0.0 1 1
1.0 2.0 4.0 2.0 1.0 3.0 1.0 0.0 1 2
1.0 2.0 4.0 0.0 1.0 3.0 1.0 0.0 1 2
1.0 2.0 4.0 0.0 1.0 3.0 0.0 0.0 1 1
1.0 2.0 4.0 1.0 1.0 3.0 2.0 0.0 1 2
1.0 2.0 3.0 1.0 1.0 2.0 1.0 0.0 1 1
1.0 2.0 3.0 0.0 1.0 3.0 0.0 0.0 1 1
1.0 2.0 0.0 2.0 1.0 0.0 1.0 0.0 1 1
1.0 2.0 1.0 2.0 1.0 1.0 1.0 0.0 1 1
1.0 2.0 0.0 0.0 1.0 0.0 1.0 0.0 1 1
1.0 2.0 1.0 0.0 1.0 1.0 1.0 0.0 1 1
1.0 2.0 3.0 0.0 1.0 3.0 1.0 0.0 1 1
1.0 2.0 1.0 1.0 1.0 1.0 2.0 0.0 1 1
1.0 0.0 0.0 1.0 1.0 0.0 0.0 0.0 0 4
1.0 0.0 2.0 1.0 1.0 2.0 1.0 0.0 0 1
1.0 0.0 2.0 1.0 1.0 2.0 2.0 0.0 0 2
1.0 0.0 2.0 1.0 1.0 3.0 2.0 0.0 0 1
1.0 0.0 1.0 1.0 1.0 2.0 1.0 0.0 0 1
1.0 0.0 1.0 0.0 1.0 0.0 0.0 0.0 0 1
1.0 0.0 1.0 1.0 1.0 0.0 1.0 0.0 0 7
1.0 0.0 2.0 1.0 1.0 1.0 2.0 0.0 0 1
1.0 0.0 1.0 1.0 1.0 1.0 1.0 0.0 0 1
1.0 0.0 1.0 1.0 1.0 1.0 0.0 0.0 1 1
1.0 0.0 3.0 1.0 1.0 3.0 0.0 0.0 1 1
1.0 0.0 1.0 1.0 1.0 2.0 1.0 0.0 1 1
1.0 0.0 3.0 0.0 1.0 4.0 1.0 0.0 1 1
1.0 0.0 2.0 1.0 1.0 3.0 2.0 0.0 1 1
1.0 0.0 4.0 0.0 1.0 3.0 0.0 0.0 1 1
1.0 0.0 1.0 1.0 1.0 0.0 1.0 0.0 1 1
1.0 0.0 3.0 1.0 1.0 2.0 2.0 0.0 1 1
1.0 0.0 3.0 1.0 1.0 3.0 1.0 0.0 1 1
1.0 0.0 2.0 1.0 1.0 2.0 1.0 0.0 1 1
1.0 0.0 0.0 1.0 0.0 0.0 0.0 0.0 0 1
1.0 0.0 1.0 1.0 0.0 1.0 1.0 0.0 0 2
1.0 0.0 2.0 0.0 0.0 2.0 1.0 0.0 0 2
1.0 0.0 2.0 1.0 0.0 2.0 2.0 0.0 0 2
1.0 0.0 0.0 1.0 0.0 1.0 0.0 0.0 0 1
1.0 0.0 1.0 1.0 0.0 2.0 1.0 0.0 0 2
1.0 0.0 2.0 0.0 0.0 1.0 0.0 0.0 0 1
1.0 0.0 3.0 2.0 0.0 2.0 1.0 0.0 0 1
1.0 0.0 3.0 0.0 0.0 2.0 0.0 0.0 0 1
1.0 0.0 2.0 1.0 0.0 1.0 2.0 0.0 0 1
1.0 0.0 1.0 1.0 0.0 1.0 1.0 0.0 0 1
1.0 0.0 2.0 1.0 0.0 2.0 2.0 0.0 0 1
1.0 0.0 3.0 0.0 0.0 3.0 0.0 0.0 1 1
1.0 0.0 1.0 1.0 0.0 1.0 2.0 0.0 1 1
1.0 0.0 1.0 1.0 0.0 2.0 1.0 0.0 1 1
1.0 0.0 3.0 0.0 0.0 4.0 0.0 0.0 1 2
1.0 0.0 2.0 1.0 0.0 3.0 2.0 0.0 1 1
1.0 0.0 3.0 1.0 0.0 4.0 1.0 0.0 1 1
1.0 0.0 3.0 2.0 0.0 2.0 1.0 0.0 1 1
1.0 0.0 3.0 0.0 0.0 2.0 1.0 0.0 1 1
1.0 0.0 0.0 0.0 0.0 0.0 0.0 0.0 1 1
1.0 1.0 0.0 1.0 2.0 0.0 0.0 0.0 0 1
1.0 1.0 2.0 2.0 2.0 2.0 1.0 0.0 0 1
1.0 1.0 2.0 0.0 2.0 2.0 1.0 0.0 0 1
1.0 1.0 2.0 1.0 2.0 2.0 2.0 0.0 0 1
1.0 1.0 1.0 1.0 2.0 1.0 1.0 0.0 0 1
1.0 1.0 3.0 1.0 2.0 3.0 1.0 0.0 0 1
1.0 1.0 1.0 1.0 2.0 2.0 1.0 0.0 0 2
1.0 1.0 2.0 1.0 2.0 3.0 2.0 0.0 0 1
1.0 1.0 2.0 1.0 2.0 1.0 2.0 0.0 0 1
1.0 1.0 3.0 1.0 2.0 2.0 1.0 0.0 0 1
1.0 1.0 0.0 0.0 2.0 0.0 0.0 0.0 0 1
1.0 1.0 3.0 1.0 2.0 3.0 2.0 0.0 0 2
1.0 1.0 1.0 1.0 2.0 1.0 1.0 0.0 0 1
1.0 1.0 1.0 1.0 2.0 1.0 1.0 0.0 1 1
1.0 1.0 0.0 2.0 2.0 0.0 1.0 0.0 1 1
1.0 1.0 1.0 1.0 2.0 1.0 2.0 0.0 1 1
1.0 1.0 2.0 1.0 2.0 1.0 2.0 0.0 1 1
1.0 1.0 4.0 1.0 2.0 3.0 1.0 0.0 1 1
1.0 1.0 1.0 0.0 2.0 1.0 0.0 0.0 1 1
1.0 1.0 0.0 1.0 2.0 0.0 2.0 0.0 1 1
1.0 1.0 0.0 0.0 1.0 0.0 0.0 0.0 0 1
1.0 1.0 1.0 0.0 1.0 1.0 0.0 0.0 0 7
1.0 1.0 2.0 1.0 1.0 2.0 0.0 0.0 0 1
1.0 1.0 0.0 1.0 1.0 0.0 1.0 0.0 0 2
1.0 1.0 2.0 1.0 1.0 2.0 1.0 0.0 0 1
1.0 1.0 1.0 1.0 1.0 1.0 1.0 0.0 0 22
1.0 1.0 3.0 1.0 1.0 3.0 1.0 0.0 0 1
1.0 1.0 2.0 1.0 1.0 2.0 2.0 0.0 0 5
1.0 1.0 1.0 1.0 1.0 1.0 2.0 0.0 0 1
1.0 1.0 2.0 1.0 1.0 2.0 1.0 0.0 0 1
1.0 1.0 1.0 1.0 1.0 1.0 1.0 0.0 0 1
1.0 1.0 1.0 1.0 1.0 2.0 1.0 0.0 0 2
1.0 1.0 3.0 0.0 1.0 4.0 1.0 0.0 0 1
1.0 1.0 2.0 1.0 1.0 3.0 2.0 0.0 0 1
1.0 1.0 1.0 1.0 1.0 2.0 1.0 0.0 0 1
1.0 1.0 1.0 1.0 1.0 0.0 0.0 0.0 0 1
1.0 1.0 2.0 1.0 1.0 1.0 1.0 0.0 0 1
1.0 1.0 2.0 1.0 1.0 1.0 2.0 0.0 0 1
1.0 1.0 4.0 1.0 1.0 3.0 1.0 0.0 0 1
1.0 1.0 1.0 1.0 1.0 1.0 0.0 0.0 0 2
1.0 1.0 0.0 1.0 1.0 0.0 1.0 0.0 0 2
1.0 1.0 1.0 1.0 1.0 1.0 1.0 0.0 0 2
1.0 1.0 2.0 1.0 1.0 2.0 1.0 0.0 0 1
1.0 1.0 3.0 0.0 1.0 3.0 0.0 0.0 1 1
1.0 1.0 1.0 1.0 1.0 1.0 1.0 0.0 1 1
1.0 1.0 3.0 1.0 1.0 3.0 1.0 0.0 1 2
1.0 1.0 2.0 1.0 1.0 2.0 2.0 0.0 1 2
1.0 1.0 1.0 0.0 1.0 2.0 0.0 0.0 1 1
1.0 1.0 2.0 2.0 1.0 3.0 1.0 0.0 1 1
1.0 1.0 1.0 0.0 1.0 2.0 1.0 0.0 1 1
1.0 1.0 0.0 1.0 1.0 1.0 2.0 0.0 1 2
1.0 1.0 1.0 0.0 1.0 0.0 1.0 0.0 1 1
1.0 1.0 4.0 1.0 1.0 3.0 2.0 0.0 1 1
1.0 1.0 1.0 1.0 1.0 0.0 1.0 0.0 1 1
1.0 1.0 2.0 1.0 1.0 1.0 1.0 0.0 1 1
1.0 1.0 2.0 1.0 1.0 2.0 1.0 0.0 1 1
1.0 1.0 2.0 1.0 1.0 2.0 2.0 0.0 1 1
0.0 0.0 2.0 1.0 0.0 2.0 2.0 0.0 0 2
0.0 0.0 1.0 1.0 0.0 2.0 1.0 0.0 0 1
0.0 0.0 1.0 0.0 0.0 0.0 0.0 0.0 0 1
0.0 0.0 2.0 0.0 0.0 1.0 0.0 0.0 0 1
0.0 0.0 2.0 1.0 0.0 1.0 2.0 0.0 0 1
0.0 0.0 1.0 0.0 0.0 1.0 0.0 0.0 0 1
0.0 0.0 3.0 0.0 0.0 3.0 0.0 0.0 0 1
0.0 0.0 0.0 1.0 0.0 1.0 1.0 0.0 1 1
0.0 0.0 1.0 1.0 0.0 1.0 2.0 0.0 1 1
0.0 1.0 1.0 1.0 0.0 1.0 1.0 0.0 0 1
0.0 1.0 2.0 1.0 0.0 2.0 2.0 0.0 0 1
0.0 1.0 1.0 1.0 0.0 1.0 2.0 0.0 0 1
0.0 1.0 0.0 1.0 0.0 1.0 1.0 0.0 0 1
0.0 1.0 2.0 1.0 0.0 3.0 1.0 0.0 0 1
0.0 1.0 1.0 1.0 0.0 2.0 1.0 0.0 0 1
0.0 1.0 2.0 1.0 0.0 1.0 2.0 0.0 0 1
0.0 1.0 0.0 1.0 0.0 0.0 2.0 0.0 1 2
0.0 1.0 3.0 0.0 0.0 2.0 0.0 0.0 1 1
0.0 1.0 2.0 1.0 1.0 2.0 2.0 0.0 0 1
0.0 1.0 1.0 1.0 1.0 1.0 1.0 0.0 0 1
0.0 1.0 0.0 1.0 1.0 1.0 0.0 0.0 0 1
0.0 1.0 2.0 1.0 1.0 1.0 2.0 0.0 0 1
0.0 1.0 1.0 1.0 1.0 1.0 1.0 0.0 0 2
0.0 1.0 2.0 1.0 1.0 2.0 2.0 0.0 0 1
0.0 1.0 3.0 1.0 1.0 2.0 2.0 0.0 1 1
0.0 2.0 2.0 2.0 1.0 2.0 1.0 0.0 0 1
0.0 2.0 2.0 1.0 1.0 2.0 2.0 0.0 0 1
0.0 2.0 1.0 0.0 1.0 2.0 0.0 0.0 0 1
0.0 0.0 1.0 1.0 1.0 1.0 1.0 0.0 0 1
0.0 0.0 3.0 2.0 1.0 4.0 1.0 0.0 0 1
0.0 0.0 1.0 1.0 1.0 2.0 1.0 0.0 0 1
0.0 0.0 1.0 0.0 1.0 0.0 0.0 0.0 0 1
0.0 0.0 3.0 0.0 1.0 2.0 0.0 0.0 1 1
0.0 0.0 1.0 1.0 0.0 1.0 1.0 0.0 0 1
0.0 0.0 3.0 1.0 0.0 3.0 1.0 0.0 0 1
0.0 0.0 3.0 2.0 0.0 2.0 1.0 0.0 0 1
0.0 0.0 4.0 2.0 0.0 3.0 1.0 0.0 0 1
0.0 0.0 1.0 1.0 0.0 2.0 1.0 0.0 1 1
0.0 1.0 3.0 1.0 2.0 3.0 0.0 0.0 1 1
0.0 1.0 1.0 1.0 1.0 2.0 1.0 0.0 0 1
0.0 1.0 2.0 1.0 1.0 1.0 2.0 0.0 0 1
0.0 1.0 1.0 1.0 1.0 1.0 1.0 0.0 0 1
0.0 1.0 2.0 1.0 1.0 2.0 1.0 0.0 1 1
0.0 1.0 1.0 0.0 1.0 1.0 1.0 0.0 1 1
