0.0 0.0 2.0 1.0 0.0 2.0 2.0 0.0 0 1
0.0 0.0 1.0 1.0 0.0 2.0 1.0 0.0 0 1
0.0 1.0 2.0 1.0 0.0 2.0 1.0 0.0 0 1
0.0 1.0 2.0 1.0 0.0 2.0 2.0 0.0 0 1
0.0 1.0 1.0 1.0 0.0 1.0 1.0 0.0 0 4
0.0 1.0 2.0 0.0 0.0 1.0 1.0 0.0 0 2
0.0 1.0 2.0 1.0 0.0 1.0 2.0 0.0 0 13
0.0 1.0 0.0 1.0 0.0 0.0 1.0 0.0 0 1
0.0 1.0 1.0 1.0 0.0 1.0 1.0 0.0 0 5
0.0 1.0 0.0 0.0 0.0 0.0 1.0 0.0 0 1
0.0 1.0 3.0 0.0 0.0 2.0 0.0 0.0 1 1
0.0 1.0 2.0 1.0 1.0 2.0 2.0 0.0 0 1
0.0 1.0 2.0 1.0 1.0 3.0 0.0 0.0 1 1
0.0 2.0 2.0 1.0 1.0 2.0 2.0 0.0 0 1
0.0 2.0 1.0 1.0 1.0 1.0 1.0 0.0 0 1
0.0 2.0 2.0 1.0 1.0 3.0 1.0 0.0 0 1
0.0 0.0 2.0 1.0 1.0 2.0 2.0 0.0 0 1
0.0 0.0 1.0 1.0 1.0 1.0 2.0 0.0 1 1
0.0 0.0 2.0 1.0 0.0 3.0 2.0 0.0 0 1
0.0 0.0 1.0 1.0 0.0 1.0 1.0 0.0 0 1
0.0 1.0 2.0 1.0 2.0 2.0 2.0 0.0 0 2
0.0 1.0 2.0 1.0 2.0 1.0 2.0 0.0 0 1
0.0 1.0 2.0 1.0 1.0 2.0 2.0 0.0 0 1
0.0 1.0 2.0 1.0 1.0 3.0 2.0 0.0 0 1
0.0 1.0 2.0 1.0 1.0 1.0 2.0 0.0 0 1
0.0 1.0 1.0 1.0 1.0 1.0 1.0 0.0 0 1
0.0 1.0 4.0 0.0 1.0 3.0 0.0 0.0 1 1
0.0 1.0 2.0 0.0 1.0 2.0 0.0 0.0 1 1
0.0 0.0 1.0 1.0 0.0 1.0 1.0 1.0 0 1
0.0 1.0 1.0 1.0 1.0 1.0 1.0 1.0 0 1
1.0 0.0 1.0 0.0 0.0 1.0 0.0 0.0 0 1
1.0 0.0 2.0 1.0 0.0 2.0 2.0 0.0 0 3
1.0 0.0 1.0 1.0 0.0 2.0 1.0 0.0 0 1
1.0 0.0 3.0 2.0 0.0 2.0 1.0 0.0 0 1
1.0 0.0 2.0 1.0 0.0 1.0 2.0 0.0 0 1
1.0 0.0 4.0 1.0 0.0 3.0 2.0 0.0 0 1
1.0 0.0 1.0 1.0 0.0 1.0 1.0 0.0 0 1
1.0 0.0 2.0 1.0 0.0 2.0 2.0 0.0 0 1
1.0 0.0 0.0 1.0 0.0 1.0 0.0 0.0 1 1
1.0 0.0 0.0 0.0 0.0 1.0 1.0 0.0 1 1
1.0 0.0 2.0 0.0 0.0 3.0 1.0 0.0 1 1
1.0 1.0 2.0 1.0 0.0 2.0 1.0 0.0 0 1
1.0 1.0 2.0 0.0 0.0 2.0 1.0 0.0 0 1
1.0 1.0 2.0 1.0 0.0 2.0 2.0 0.0 0 15
1.0 1.0 1.0 1.0 0.0 2.0 1.0 0.0 0 1
1.0 1.0 1.0 0.0 0.0 2.0 0.0 0.0 0 1
1.0 1.0 2.0 1.0 0.0 3.0 2.0 0.0 0 5
1.0 1.0 2.0 2.0 0.0 2.0 1.0 0.0 1 1
1.0 1.0 0.0 1.0 0.0 0.0 2.0 0.0 1 1
1.0 1.0 2.0 1.0 0.0 2.0 2.0 0.0 1 1
1.0 1.0 3.0 0.0 0.0 4.0 0.0 0.0 1 1
1.0 1.0 2.0 0.0 0.0 3.0 1.0 0.0 1 1
1.0 1.0 0.0 0.0 0.0 1.0 0.0 0.0 1 2
1.0 1.0 4.0 1.0 0.0 3.0 0.0 0.0 1 1
1.0 1.0 1.0 1.0 0.0 0.0 1.0 0.0 1 1
1.0 1.0 2.0 2.0 0.0 2.0 1.0 0.0 1 1
1.0 1.0 2.0 1.0 1.0 2.0 2.0 0.0 0 11
1.0 1.0 2.0 1.0 1.0 2.0 1.0 0.0 0 1
1.0 1.0 1.0 1.0 1.0 1.0 1.0 0.0 0 15
1.0 1.0 0.0 1.0 1.0 1.0 0.0 0.0 0 2
1.0 1.0 2.0 1.0 1.0 3.0 1.0 0.0 0 1
1.0 1.0 1.0 1.0 1.0 2.0 1.0 0.0 0 1
1.0 1.0 2.0 1.0 1.0 1.0 1.0 0.0 0 1
1.0 1.0 2.0 0.0 1.0 1.0 1.0 0.0 0 3
1.0 1.0 2.0 1.0 1.0 1.0 2.0 0.0 0 66
1.0 1.0 1.0 0.0 1.0 1.0 0.0 0.0 0 1
1.0 1.0 1.0 1.0 1.0 1.0 1.0 0.0 0 21
1.0 1.0 0.0 1.0 1.0 0.0 1.0 0.0 0 1
1.0 1.0 2.0 1.0 1.0 2.0 2.0 0.0 1 1
1.0 1.0 2.0 1.0 1.0 1.0 2.0 0.0 1 1
1.0 1.0 0.0 1.0 1.0 0.0 1.0 0.0 1 2
1.0 1.0 1.0 1.0 1.0 1.0 1.0 0.0 1 1
1.0 1.0 2.0 1.0 1.0 2.0 2.0 0.0 1 1
1.0 2.0 1.0 1.0 1.0 1.0 0.0 0.0 0 1
1.0 2.0 0.0 1.0 1.0 0.0 1.0 0.0 0 1
1.0 2.0 2.0 1.0 1.0 2.0 1.0 0.0 0 5
1.0 2.0 2.0 0.0 1.0 2.0 1.0 0.0 0 17
1.0 2.0 2.0 0.0 1.0 2.0 0.0 0.0 0 3
1.0 2.0 0.0 1.0 1.0 0.0 2.0 0.0 0 5
1.0 2.0 2.0 1.0 1.0 2.0 2.0 0.0 0 507
1.0 2.0 1.0 1.0 1.0 1.0 2.0 0.0 0 3
1.0 2.0 3.0 1.0 1.0 3.0 2.0 0.0 0 5
1.0 2.0 2.0 1.0 1.0 2.0 1.0 0.0 0 1
1.0 2.0 1.0 1.0 1.0 2.0 0.0 0.0 0 1
1.0 2.0 2.0 1.0 1.0 3.0 1.0 0.0 0 1
1.0 2.0 1.0 1.0 1.0 2.0 1.0 0.0 0 80
1.0 2.0 3.0 1.0 1.0 4.0 1.0 0.0 0 1
1.0 2.0 0.0 0.0 1.0 1.0 1.0 0.0 0 1
1.0 2.0 1.0 0.0 1.0 2.0 1.0 0.0 0 1
1.0 2.0 2.0 1.0 1.0 3.0 2.0 0.0 0 1
1.0 2.0 1.0 1.0 1.0 2.0 2.0 0.0 0 2
1.0 2.0 3.0 1.0 1.0 2.0 0.0 0.0 0 1
1.0 2.0 3.0 2.0 1.0 2.0 1.0 0.0 0 2
1.0 2.0 3.0 0.0 1.0 2.0 1.0 0.0 0 1
1.0 2.0 3.0 0.0 1.0 2.0 0.0 0.0 0 1
1.0 2.0 3.0 1.0 1.0 2.0 2.0 0.0 0 1
1.0 2.0 2.0 1.0 1.0 1.0 2.0 0.0 0 1
1.0 2.0 3.0 1.0 1.0 2.0 1.0 0.0 0 2
1.0 2.0 3.0 1.0 1.0 3.0 1.0 0.0 0 1
1.0 2.0 2.0 1.0 1.0 2.0 2.0 0.0 0 1
1.0 2.0 1.0 1.0 1.0 1.0 1.0 0.0 0 1
1.0 2.0 3.0 0.0 1.0 3.0 0.0 0.0 1 1
1.0 2.0 1.0 1.0 1.0 1.0 1.0 0.0 1 1
1.0 2.0 0.0 1.0 1.0 0.0 2.0 0.0 1 4
1.0 2.0 2.0 1.0 1.0 2.0 2.0 0.0 1 3
1.0 2.0 1.0 1.0 1.0 1.0 2.0 0.0 1 6
1.0 2.0 3.0 1.0 1.0 3.0 2.0 0.0 1 5
1.0 2.0 0.0 0.0 1.0 1.0 0.0 0.0 1 1
1.0 2.0 1.0 1.0 1.0 2.0 1.0 0.0 1 1
1.0 2.0 3.0 1.0 1.0 4.0 1.0 0.0 1 1
1.0 2.0 3.0 0.0 1.0 4.0 0.0 0.0 1 3
1.0 2.0 2.0 1.0 1.0 3.0 2.0 0.0 1 1
1.0 2.0 1.0 1.0 1.0 0.0 1.0 0.0 1 1
1.0 2.0 2.0 1.0 1.0 1.0 1.0 0.0 1 1
1.0 2.0 1.0 2.0 1.0 0.0 1.0 0.0 1 2
1.0 2.0 3.0 2.0 1.0 2.0 1.0 0.0 1 1
1.0 2.0 2.0 2.0 1.0 1.0 1.0 0.0 1 1
1.0 2.0 4.0 0.0 1.0 3.0 1.0 0.0 1 1
1.0 2.0 3.0 1.0 1.0 2.0 2.0 0.0 1 2
1.0 2.0 2.0 1.0 1.0 1.0 1.0 0.0 1 2
1.0 0.0 2.0 1.0 1.0 2.0 1.0 0.0 0 2
1.0 0.0 1.0 1.0 1.0 1.0 1.0 0.0 0 1
1.0 0.0 2.0 1.0 1.0 2.0 2.0 0.0 0 4
1.0 0.0 1.0 1.0 1.0 0.0 0.0 0.0 0 1
1.0 0.0 1.0 1.0 1.0 0.0 1.0 0.0 0 2
1.0 0.0 2.0 1.0 1.0 1.0 2.0 0.0 0 1
1.0 0.0 2.0 1.0 1.0 2.0 2.0 0.0 0 1
1.0 0.0 2.0 1.0 1.0 2.0 2.0 0.0 1 1
1.0 0.0 3.0 0.0 1.0 4.0 0.0 0.0 1 1
1.0 0.0 1.0 0.0 1.0 0.0 0.0 0.0 1 1
1.0 0.0 3.0 1.0 1.0 2.0 1.0 0.0 1 1
1.0 0.0 0.0 1.0 1.0 0.0 1.0 0.0 1 1
1.0 0.0 2.0 1.0 0.0 2.0 2.0 0.0 0 3
1.0 0.0 1.0 0.0 0.0 2.0 0.0 0.0 0 1
1.0 0.0 2.0 1.0 0.0 3.0 2.0 0.0 0 2
1.0 0.0 1.0 1.0 0.0 2.0 2.0 0.0 0 1
1.0 0.0 2.0 1.0 0.0 1.0 2.0 0.0 0 1
1.0 1.0 2.0 1.0 2.0 2.0 2.0 0.0 0 2
1.0 1.0 1.0 1.0 2.0 1.0 1.0 0.0 0 1
1.0 1.0 2.0 1.0 2.0 2.0 1.0 0.0 0 1
1.0 1.0 1.0 0.0 1.0 1.0 0.0 0.0 0 1
1.0 1.0 1.0 1.0 1.0 1.0 1.0 0.0 0 19
1.0 1.0 2.0 0.0 1.0 2.0 0.0 0.0 0 1
1.0 1.0 0.0 1.0 1.0 0.0 2.0 0.0 0 1
1.0 1.0 2.0 1.0 1.0 2.0 2.0 0.0 0 5
1.0 1.0 1.0 1.0 1.0 1.0 2.0 0.0 0 1
1.0 1.0 1.0 1.0 1.0 2.0 1.0 0.0 0 2
1.0 1.0 3.0 0.0 1.0 4.0 0.0 0.0 0 1
1.0 1.0 0.0 1.0 1.0 0.0 2.0 0.0 1 1
1.0 1.0 2.0 1.0 1.0 2.0 2.0 0.0 1 1
1.0 1.0 1.0 1.0 1.0 1.0 2.0 0.0 1 1
1.0 1.0 0.0 0.0 1.0 1.0 0.0 0.0 1 2
1.0 1.0 2.0 0.0 1.0 3.0 0.0 0.0 1 1
1.0 1.0 3.0 0.0 1.0 4.0 0.0 0.0 1 2
0.0 0.0 2.0 1.0 0.0 2.0 2.0 0.0 0 1
0.0 0.0 1.0 1.0 0.0 2.0 1.0 0.0 0 1
0.0 1.0 2.0 1.0 0.0 2.0 2.0 0.0 0 4
0.0 1.0 3.0 0.0 1.0 2.0 0.0 0.0 0 1
0.0 1.0 3.0 1.0 1.0 2.0 1.0 0.0 1 1
0.0 2.0 2.0 1.0 1.0 2.0 2.0 0.0 0 1
0.0 2.0 1.0 1.0 1.0 2.0 2.0 0.0 0 1
0.0 0.0 1.0 1.0 0.0 1.0 1.0 0.0 0 1
0.0 0.0 2.0 0.0 0.0 2.0 1.0 0.0 0 1
0.0 0.0 2.0 1.0 0.0 2.0 2.0 0.0 0 1
0.0 0.0 2.0 1.0 0.0 1.0 2.0 0.0 0 1
0.0 1.0 1.0 1.0 1.0 1.0 1.0 0.0 0 1
0.0 1.0 2.0 1.0 1.0 2.0 2.0 0.0 0 1
0.0 1.0 2.0 1.0 1.0 1.0 2.0 0.0 0 1
0.0 1.0 0.0 0.0 1.0 0.0 0.0 0.0 1 1
