0.0 0.0 2.0 1.0 0.0 2.0 2.0 0.0 0 1
0.0 0.0 1.0 1.0 0.0 0.0 1.0 0.0 0 4
0.0 0.0 0.0 1.0 0.0 0.0 0.0 0.0 0 2
0.0 0.0 1.0 2.0 0.0 2.0 1.0 0.0 1 1
0.0 0.0 1.0 1.0 0.0 1.0 0.0 0.0 1 1
0.0 1.0 1.0 0.0 0.0 1.0 0.0 0.0 0 1
0.0 1.0 1.0 1.0 0.0 1.0 1.0 0.0 0 20
0.0 1.0 0.0 1.0 0.0 1.0 0.0 0.0 0 19
0.0 1.0 2.0 1.0 0.0 3.0 0.0 0.0 0 1
0.0 1.0 2.0 0.0 0.0 1.0 0.0 0.0 0 1
0.0 1.0 2.0 1.0 0.0 1.0 0.0 0.0 0 1
0.0 1.0 4.0 1.0 0.0 3.0 1.0 0.0 0 1
0.0 1.0 3.0 0.0 0.0 2.0 0.0 0.0 0 1
0.0 1.0 2.0 1.0 0.0 1.0 2.0 0.0 0 15
0.0 1.0 1.0 0.0 0.0 1.0 0.0 0.0 0 5
0.0 1.0 0.0 1.0 0.0 0.0 0.0 0.0 0 1
0.0 1.0 1.0 1.0 0.0 1.0 0.0 0.0 0 1
0.0 1.0 0.0 1.0 0.0 0.0 1.0 0.0 0 1
0.0 1.0 2.0 1.0 0.0 2.0 1.0 0.0 0 1
0.0 1.0 1.0 1.0 0.0 1.0 1.0 0.0 0 43
0.0 1.0 2.0 1.0 0.0 2.0 2.0 0.0 0 1
0.0 1.0 1.0 1.0 0.0 1.0 1.0 0.0 1 1
0.0 1.0 1.0 0.0 0.0 2.0 0.0 0.0 1 2
0.0 1.0 0.0 1.0 0.0 1.0 1.0 0.0 1 1
0.0 1.0 0.0 0.0 0.0 0.0 0.0 0.0 1 1
0.0 1.0 3.0 1.0 0.0 3.0 1.0 0.0 1 2
0.0 1.0 1.0 1.0 0.0 1.0 2.0 0.0 1 1
0.0 1.0 1.0 1.0 1.0 1.0 1.0 0.0 0 1
0.0 1.0 2.0 1.0 1.0 3.0 2.0 0.0 0 1
0.0 1.0 1.0 1.0 1.0 0.0 1.0 0.0 0 1
0.0 1.0 2.0 1.0 1.0 1.0 2.0 0.0 0 1
0.0 1.0 1.0 1.0 1.0 1.0 1.0 0.0 0 2
0.0 2.0 2.0 1.0 1.0 2.0 1.0 0.0 0 1
0.0 2.0 2.0 1.0 1.0 2.0 2.0 0.0 0 1
0.0 2.0 2.0 1.0 1.0 2.0 1.0 0.0 0 1
0.0 2.0 1.0 1.0 1.0 1.0 1.0 0.0 0 1
0.0 2.0 1.0 1.0 1.0 2.0 1.0 0.0 0 1
0.0 2.0 1.0 0.0 1.0 2.0 1.0 0.0 0 1
0.0 2.0 2.0 1.0 1.0 3.0 2.0 0.0 0 1
0.0 2.0 1.0 1.0 1.0 0.0 1.0 0.0 0 1
0.0 2.0 1.0 0.0 1.0 0.0 0.0 0.0 0 1
0.0 2.0 1.0 0.0 1.0 1.0 0.0 0.0 0 2
0.0 2.0 0.0 1.0 1.0 0.0 1.0 0.0 0 1
0.0 2.0 1.0 1.0 1.0 1.0 1.0 0.0 0 1
0.0 0.0 0.0 1.0 1.0 0.0 0.0 0.0 0 1
0.0 0.0 0.0 1.0 1.0 1.0 0.0 0.0 0 2
0.0 0.0 0.0 1.0 1.0 0.0 0.0 0.0 0 1
0.0 0.0 0.0 1.0 1.0 0.0 1.0 0.0 1 1
0.0 0.0 0.0 1.0 0.0 0.0 0.0 0.0 0 13
0.0 0.0 0.0 1.0 0.0 0.0 1.0 0.0 0 1
0.0 0.0 1.0 0.0 0.0 2.0 0.0 0.0 0 1
0.0 0.0 1.0 1.0 0.0 2.0 1.0 0.0 0 2
0.0 0.0 0.0 0.0 0.0 1.0 0.0 0.0 0 1
0.0 0.0 1.0 1.0 0.0 0.0 1.0 0.0 0 22
0.0 0.0 1.0 1.0 0.0 0.0 2.0 0.0 0 1
0.0 0.0 2.0 1.0 0.0 1.0 2.0 0.0 0 1
0.0 0.0 1.0 1.0 0.0 1.0 1.0 0.0 0 1
0.0 0.0 1.0 1.0 0.0 1.0 1.0 0.0 1 1
0.0 0.0 3.0 2.0 0.0 3.0 1.0 0.0 1 1
0.0 0.0 2.0 1.0 0.0 2.0 2.0 0.0 1 1
0.0 0.0 1.0 0.0 0.0 0.0 0.0 0.0 1 1
0.0 0.0 3.0 1.0 0.0 2.0 1.0 0.0 1 1
0.0 1.0 1.0 1.0 2.0 2.0 1.0 0.0 0 1
0.0 1.0 2.0 1.0 2.0 3.0 1.0 0.0 1 1
0.0 1.0 1.0 1.0 1.0 1.0 1.0 0.0 0 1
0.0 1.0 1.0 1.0 1.0 2.0 0.0 0.0 0 1
0.0 1.0 1.0 1.0 1.0 1.0 1.0 0.0 0 3
0.0 1.0 1.0 1.0 1.0 2.0 0.0 0.0 1 1
0.0 1.0 2.0 1.0 1.0 3.0 1.0 0.0 1 1
0.0 1.0 1.0 1.0 1.0 2.0 1.0 0.0 1 1
0.0 1.0 3.0 1.0 1.0 2.0 1.0 0.0 1 1
0.0 0.0 1.0 1.0 0.0 0.0 1.0 1.0 0 1
0.0 1.0 2.0 1.0 0.0 1.0 2.0 1.0 0 2
0.0 2.0 2.0 1.0 1.0 2.0 2.0 1.0 0 1
0.0 2.0 0.0 2.0 1.0 1.0 1.0 1.0 0 1
0.0 2.0 3.0 1.0 1.0 3.0 2.0 1.0 1 1
0.0 0.0 1.0 1.0 1.0 1.0 1.0 1.0 0 1
0.0 0.0 2.0 1.0 0.0 2.0 2.0 1.0 0 1
0.0 0.0 3.0 1.0 0.0 3.0 2.0 1.0 1 1
0.0 1.0 2.0 1.0 2.0 3.0 2.0 1.0 0 1
1.0 0.0 0.0 1.0 0.0 0.0 0.0 0.0 0 1
1.0 0.0 2.0 1.0 0.0 2.0 1.0 0.0 0 1
1.0 0.0 1.0 1.0 0.0 1.0 1.0 0.0 0 1
1.0 0.0 0.0 1.0 0.0 1.0 0.0 0.0 0 2
1.0 0.0 1.0 1.0 0.0 2.0 1.0 0.0 0 3
1.0 0.0 3.0 1.0 0.0 4.0 1.0 0.0 0 1
1.0 0.0 2.0 1.0 0.0 3.0 1.0 0.0 0 1
1.0 0.0 2.0 1.0 0.0 1.0 2.0 0.0 0 2
1.0 0.0 1.0 1.0 0.0 1.0 0.0 0.0 0 1
1.0 0.0 1.0 1.0 0.0 1.0 1.0 0.0 0 13
1.0 0.0 2.0 1.0 0.0 2.0 2.0 0.0 1 1
1.0 0.0 1.0 1.0 0.0 1.0 1.0 0.0 1 1
1.0 0.0 2.0 0.0 0.0 3.0 0.0 0.0 1 1
1.0 0.0 1.0 1.0 0.0 2.0 1.0 0.0 1 1
1.0 0.0 1.0 0.0 0.0 0.0 0.0 0.0 1 1
1.0 0.0 4.0 0.0 0.0 3.0 1.0 0.0 1 1
1.0 0.0 1.0 0.0 0.0 1.0 0.0 0.0 1 1
1.0 0.0 1.0 1.0 0.0 1.0 2.0 0.0 1 1
1.0 0.0 1.0 1.0 0.0 1.0 1.0 0.0 1 1
1.0 1.0 0.0 1.0 0.0 0.0 1.0 0.0 0 1
1.0 1.0 2.0 0.0 0.0 2.0 1.0 0.0 0 1
1.0 1.0 2.0 1.0 0.0 2.0 2.0 0.0 0 4
1.0 1.0 0.0 1.0 0.0 1.0 1.0 0.0 0 1
1.0 1.0 1.0 1.0 0.0 2.0 1.0 0.0 0 1
1.0 1.0 2.0 1.0 0.0 1.0 0.0 0.0 0 1
1.0 1.0 3.0 2.0 0.0 2.0 1.0 0.0 0 1
1.0 1.0 1.0 1.0 0.0 1.0 1.0 0.0 0 1
1.0 1.0 1.0 0.0 0.0 1.0 1.0 0.0 0 1
1.0 1.0 2.0 1.0 0.0 2.0 2.0 0.0 0 1
1.0 1.0 3.0 0.0 0.0 3.0 0.0 0.0 1 1
1.0 1.0 2.0 1.0 0.0 3.0 1.0 0.0 1 1
1.0 1.0 1.0 1.0 0.0 2.0 1.0 0.0 1 1
1.0 1.0 3.0 0.0 0.0 4.0 0.0 0.0 1 1
1.0 1.0 1.0 1.0 0.0 2.0 2.0 0.0 1 1
1.0 1.0 1.0 1.0 0.0 0.0 1.0 0.0 1 1
1.0 1.0 3.0 0.0 0.0 3.0 0.0 0.0 1 1
1.0 1.0 2.0 0.0 0.0 2.0 0.0 0.0 1 1
1.0 1.0 1.0 1.0 1.0 1.0 0.0 0.0 0 3
1.0 1.0 2.0 0.0 1.0 2.0 1.0 0.0 0 1
1.0 1.0 1.0 0.0 1.0 1.0 0.0 0.0 0 2
1.0 1.0 2.0 1.0 1.0 2.0 2.0 0.0 0 2
1.0 1.0 1.0 1.0 1.0 1.0 2.0 0.0 0 1
1.0 1.0 2.0 1.0 1.0 2.0 1.0 0.0 0 1
1.0 1.0 1.0 1.0 1.0 1.0 1.0 0.0 0 47
1.0 1.0 1.0 0.0 1.0 2.0 0.0 0.0 0 1
1.0 1.0 0.0 1.0 1.0 1.0 0.0 0.0 0 34
1.0 1.0 2.0 1.0 1.0 3.0 0.0 0.0 0 1
1.0 1.0 3.0 1.0 1.0 4.0 0.0 0.0 0 1
1.0 1.0 3.0 1.0 1.0 4.0 1.0 0.0 0 1
1.0 1.0 0.0 0.0 1.0 1.0 0.0 0.0 0 2
1.0 1.0 1.0 0.0 1.0 2.0 0.0 0.0 0 2
1.0 1.0 1.0 1.0 1.0 2.0 1.0 0.0 0 2
1.0 1.0 2.0 1.0 1.0 1.0 1.0 0.0 0 5
1.0 1.0 4.0 1.0 1.0 3.0 1.0 0.0 0 1
1.0 1.0 3.0 2.0 1.0 2.0 1.0 0.0 0 1
1.0 1.0 2.0 0.0 1.0 1.0 1.0 0.0 0 2
1.0 1.0 2.0 0.0 1.0 1.0 0.0 0.0 0 2
1.0 1.0 4.0 0.0 1.0 3.0 0.0 0.0 0 1
1.0 1.0 3.0 1.0 1.0 2.0 2.0 0.0 0 1
1.0 1.0 2.0 1.0 1.0 1.0 2.0 0.0 0 29
1.0 1.0 2.0 1.0 1.0 1.0 1.0 0.0 0 1
1.0 1.0 1.0 0.0 1.0 1.0 0.0 0.0 0 10
1.0 1.0 2.0 1.0 1.0 2.0 0.0 0.0 0 1
1.0 1.0 1.0 1.0 1.0 1.0 0.0 0.0 0 3
1.0 1.0 2.0 1.0 1.0 2.0 1.0 0.0 0 2
1.0 1.0 1.0 1.0 1.0 1.0 1.0 0.0 0 90
1.0 1.0 3.0 1.0 1.0 3.0 1.0 0.0 0 2
1.0 1.0 1.0 2.0 1.0 1.0 1.0 0.0 0 1
1.0 1.0 3.0 2.0 1.0 3.0 1.0 0.0 0 1
1.0 1.0 1.0 1.0 1.0 1.0 2.0 0.0 0 2
1.0 1.0 1.0 1.0 1.0 1.0 1.0 0.0 0 1
1.0 1.0 0.0 0.0 1.0 0.0 0.0 0.0 1 1
1.0 1.0 2.0 1.0 1.0 2.0 2.0 0.0 1 1
1.0 1.0 0.0 1.0 1.0 0.0 1.0 0.0 1 1
1.0 1.0 2.0 1.0 1.0 2.0 1.0 0.0 1 3
1.0 1.0 3.0 1.0 1.0 3.0 1.0 0.0 1 1
1.0 1.0 2.0 1.0 1.0 3.0 1.0 0.0 1 1
1.0 1.0 2.0 0.0 1.0 3.0 1.0 0.0 1 1
1.0 1.0 1.0 0.0 1.0 2.0 0.0 0.0 1 1
1.0 1.0 2.0 1.0 1.0 1.0 0.0 0.0 1 1
1.0 1.0 4.0 1.0 1.0 3.0 0.0 0.0 1 1
1.0 1.0 1.0 0.0 1.0 0.0 1.0 0.0 1 1
1.0 1.0 3.0 1.0 1.0 2.0 2.0 0.0 1 2
1.0 1.0 4.0 1.0 1.0 3.0 2.0 0.0 1 1
1.0 1.0 3.0 1.0 1.0 2.0 1.0 0.0 1 1
1.0 1.0 2.0 1.0 1.0 1.0 1.0 0.0 1 2
1.0 1.0 2.0 0.0 1.0 2.0 0.0 0.0 1 1
1.0 1.0 0.0 1.0 1.0 0.0 1.0 0.0 1 2
1.0 1.0 2.0 1.0 1.0 2.0 1.0 0.0 1 1
1.0 1.0 2.0 1.0 1.0 2.0 2.0 0.0 1 1
1.0 1.0 1.0 1.0 1.0 1.0 2.0 0.0 1 1
1.0 1.0 3.0 1.0 1.0 3.0 1.0 0.0 1 1
1.0 2.0 2.0 0.0 1.0 2.0 0.0 0.0 0 1
1.0 2.0 3.0 1.0 1.0 3.0 0.0 0.0 0 1
1.0 2.0 2.0 1.0 1.0 2.0 1.0 0.0 0 4
1.0 2.0 1.0 1.0 1.0 1.0 1.0 0.0 0 3
1.0 2.0 2.0 0.0 1.0 2.0 1.0 0.0 0 6
1.0 2.0 2.0 0.0 1.0 2.0 0.0 0.0 0 1
1.0 2.0 3.0 0.0 1.0 3.0 0.0 0.0 0 2
1.0 2.0 0.0 1.0 1.0 0.0 2.0 0.0 0 6
1.0 2.0 2.0 1.0 1.0 2.0 2.0 0.0 0 90
1.0 2.0 1.0 1.0 1.0 1.0 2.0 0.0 0 1
1.0 2.0 3.0 1.0 1.0 3.0 2.0 0.0 0 4
1.0 2.0 2.0 1.0 1.0 2.0 1.0 0.0 0 4
1.0 2.0 1.0 1.0 1.0 1.0 1.0 0.0 0 2
1.0 2.0 1.0 0.0 1.0 2.0 0.0 0.0 0 7
1.0 2.0 0.0 1.0 1.0 1.0 0.0 0.0 0 2
1.0 2.0 3.0 1.0 1.0 4.0 0.0 0.0 0 1
1.0 2.0 1.0 1.0 1.0 2.0 1.0 0.0 0 50
1.0 2.0 0.0 0.0 1.0 1.0 1.0 0.0 0 1
1.0 2.0 2.0 1.0 1.0 3.0 2.0 0.0 0 1
1.0 2.0 1.0 1.0 1.0 2.0 2.0 0.0 0 6
1.0 2.0 3.0 1.0 1.0 4.0 2.0 0.0 0 2
1.0 2.0 3.0 1.0 1.0 2.0 0.0 0.0 0 1
1.0 2.0 2.0 0.0 1.0 1.0 0.0 0.0 0 1
1.0 2.0 3.0 1.0 1.0 2.0 2.0 0.0 0 3
1.0 2.0 2.0 1.0 1.0 1.0 2.0 0.0 0 1
1.0 2.0 1.0 1.0 1.0 0.0 1.0 0.0 0 1
1.0 2.0 3.0 1.0 1.0 2.0 1.0 0.0 0 2
1.0 2.0 2.0 1.0 1.0 2.0 0.0 0.0 0 1
1.0 2.0 1.0 1.0 1.0 1.0 1.0 0.0 0 1
1.0 2.0 1.0 1.0 1.0 1.0 1.0 0.0 0 1
1.0 2.0 0.0 0.0 1.0 0.0 0.0 0.0 1 1
1.0 2.0 3.0 0.0 1.0 3.0 0.0 0.0 1 1
1.0 2.0 0.0 1.0 1.0 0.0 2.0 0.0 1 2
1.0 2.0 2.0 1.0 1.0 2.0 2.0 0.0 1 5
1.0 2.0 1.0 1.0 1.0 1.0 2.0 0.0 1 3
1.0 2.0 3.0 1.0 1.0 3.0 2.0 0.0 1 6
1.0 2.0 2.0 1.0 1.0 2.0 1.0 0.0 1 1
1.0 2.0 1.0 0.0 1.0 2.0 0.0 0.0 1 1
1.0 2.0 2.0 1.0 1.0 3.0 0.0 0.0 1 1
1.0 2.0 1.0 1.0 1.0 2.0 1.0 0.0 1 1
1.0 2.0 2.0 2.0 1.0 3.0 1.0 0.0 1 1
1.0 2.0 3.0 2.0 1.0 4.0 1.0 0.0 1 1
1.0 2.0 2.0 1.0 1.0 3.0 2.0 0.0 1 1
1.0 2.0 1.0 1.0 1.0 2.0 2.0 0.0 1 1
1.0 2.0 1.0 0.0 1.0 0.0 0.0 0.0 1 1
1.0 2.0 3.0 2.0 1.0 2.0 1.0 0.0 1 1
1.0 2.0 1.0 0.0 1.0 0.0 1.0 0.0 1 1
1.0 2.0 3.0 0.0 1.0 2.0 0.0 0.0 1 1
1.0 2.0 4.0 0.0 1.0 3.0 0.0 0.0 1 1
1.0 2.0 1.0 1.0 1.0 1.0 1.0 0.0 1 1
1.0 2.0 3.0 0.0 1.0 3.0 1.0 0.0 1 1
1.0 2.0 2.0 1.0 1.0 2.0 2.0 0.0 1 1
1.0 2.0 3.0 1.0 1.0 3.0 2.0 0.0 1 1
1.0 0.0 0.0 1.0 1.0 0.0 0.0 0.0 0 10
1.0 0.0 1.0 1.0 1.0 1.0 0.0 0.0 0 1
1.0 0.0 1.0 1.0 1.0 1.0 1.0 0.0 0 1
1.0 0.0 1.0 0.0 1.0 1.0 1.0 0.0 0 1
1.0 0.0 1.0 1.0 1.0 2.0 1.0 0.0 0 2
1.0 0.0 1.0 1.0 1.0 0.0 0.0 0.0 0 1
1.0 0.0 1.0 1.0 1.0 0.0 1.0 0.0 0 23
1.0 0.0 3.0 1.0 1.0 2.0 1.0 0.0 0 1
1.0 0.0 1.0 2.0 1.0 0.0 1.0 0.0 0 1
1.0 0.0 3.0 1.0 1.0 3.0 0.0 0.0 0 1
1.0 0.0 1.0 0.0 1.0 1.0 1.0 0.0 1 1
1.0 0.0 2.0 1.0 1.0 1.0 0.0 0.0 1 1
1.0 0.0 1.0 1.0 1.0 0.0 1.0 0.0 1 1
1.0 0.0 3.0 1.0 1.0 2.0 2.0 0.0 1 1
1.0 0.0 3.0 1.0 1.0 3.0 1.0 0.0 1 1
1.0 0.0 2.0 2.0 1.0 2.0 1.0 0.0 1 1
1.0 0.0 1.0 0.0 0.0 1.0 0.0 0.0 0 1
1.0 0.0 1.0 1.0 0.0 1.0 1.0 0.0 0 3
1.0 0.0 1.0 0.0 0.0 1.0 1.0 0.0 0 1
1.0 0.0 2.0 1.0 0.0 2.0 2.0 0.0 0 1
1.0 0.0 2.0 1.0 0.0 2.0 1.0 0.0 0 1
1.0 0.0 1.0 0.0 0.0 2.0 0.0 0.0 0 1
1.0 0.0 0.0 1.0 0.0 1.0 0.0 0.0 0 1
1.0 0.0 1.0 1.0 0.0 2.0 1.0 0.0 0 1
1.0 0.0 2.0 1.0 0.0 3.0 2.0 0.0 0 1
1.0 0.0 1.0 1.0 0.0 0.0 1.0 0.0 0 1
1.0 0.0 2.0 1.0 0.0 1.0 2.0 0.0 0 1
1.0 0.0 0.0 1.0 0.0 0.0 1.0 0.0 0 1
1.0 0.0 1.0 1.0 0.0 1.0 1.0 0.0 0 1
1.0 0.0 1.0 1.0 0.0 1.0 0.0 0.0 1 1
1.0 0.0 2.0 1.0 0.0 2.0 1.0 0.0 1 1
1.0 0.0 3.0 1.0 0.0 3.0 1.0 0.0 1 1
1.0 0.0 2.0 1.0 0.0 3.0 2.0 0.0 1 1
1.0 0.0 2.0 1.0 0.0 3.0 1.0 0.0 1 1
1.0 0.0 0.0 1.0 0.0 0.0 0.0 0.0 1 1
1.0 1.0 3.0 1.0 2.0 3.0 1.0 0.0 0 1
1.0 1.0 2.0 1.0 2.0 2.0 1.0 0.0 0 1
1.0 1.0 1.0 1.0 2.0 1.0 1.0 0.0 0 1
1.0 1.0 1.0 1.0 2.0 2.0 1.0 0.0 0 1
1.0 1.0 2.0 1.0 2.0 1.0 2.0 0.0 0 1
1.0 1.0 1.0 1.0 2.0 1.0 1.0 0.0 0 1
1.0 1.0 1.0 1.0 2.0 1.0 2.0 0.0 0 1
1.0 1.0 1.0 1.0 2.0 2.0 0.0 0.0 1 1
1.0 1.0 3.0 1.0 2.0 4.0 1.0 0.0 1 1
1.0 1.0 4.0 0.0 2.0 3.0 1.0 0.0 1 1
1.0 1.0 1.0 0.0 2.0 0.0 0.0 0.0 1 1
1.0 1.0 3.0 1.0 2.0 3.0 0.0 0.0 1 1
1.0 1.0 1.0 0.0 1.0 1.0 0.0 0.0 0 8
1.0 1.0 2.0 1.0 1.0 2.0 0.0 0.0 0 1
1.0 1.0 1.0 1.0 1.0 1.0 0.0 0.0 0 1
1.0 1.0 1.0 1.0 1.0 1.0 1.0 0.0 0 34
1.0 1.0 1.0 2.0 1.0 1.0 1.0 0.0 0 2
1.0 1.0 0.0 1.0 1.0 0.0 2.0 0.0 0 1
1.0 1.0 2.0 1.0 1.0 2.0 2.0 0.0 0 1
1.0 1.0 1.0 1.0 1.0 1.0 2.0 0.0 0 2
1.0 1.0 1.0 1.0 1.0 2.0 0.0 0.0 0 1
1.0 1.0 1.0 1.0 1.0 2.0 1.0 0.0 0 3
1.0 1.0 1.0 1.0 1.0 0.0 1.0 0.0 0 2
1.0 1.0 4.0 2.0 1.0 3.0 1.0 0.0 0 1
1.0 1.0 1.0 0.0 1.0 0.0 0.0 0.0 0 1
1.0 1.0 3.0 1.0 1.0 2.0 2.0 0.0 0 1
1.0 1.0 2.0 1.0 1.0 1.0 2.0 0.0 0 1
1.0 1.0 1.0 1.0 1.0 1.0 1.0 0.0 0 2
1.0 1.0 1.0 0.0 1.0 1.0 1.0 0.0 0 1
1.0 1.0 1.0 1.0 1.0 1.0 2.0 0.0 0 1
1.0 1.0 1.0 1.0 1.0 1.0 1.0 0.0 1 2
1.0 1.0 2.0 0.0 1.0 2.0 0.0 0.0 1 1
1.0 1.0 3.0 0.0 1.0 4.0 1.0 0.0 1 1
1.0 1.0 2.0 1.0 1.0 1.0 1.0 0.0 1 1
1.0 1.0 3.0 1.0 1.0 2.0 1.0 0.0 1 1
1.0 1.0 0.0 1.0 1.0 0.0 1.0 0.0 1 1
1.0 1.0 2.0 1.0 1.0 2.0 1.0 0.0 1 1
1.0 1.0 1.0 0.0 1.0 1.0 1.0 0.0 1 1
0.0 0.0 0.0 1.0 0.0 0.0 0.0 0.0 0 2
0.0 0.0 2.0 1.0 0.0 2.0 2.0 0.0 0 1
0.0 0.0 1.0 1.0 0.0 2.0 1.0 0.0 0 1
0.0 0.0 1.0 0.0 0.0 0.0 0.0 0.0 0 1
0.0 0.0 2.0 1.0 0.0 2.0 2.0 0.0 0 1
0.0 0.0 2.0 1.0 0.0 1.0 1.0 0.0 1 1
0.0 1.0 2.0 1.0 0.0 2.0 1.0 0.0 0 1
0.0 1.0 1.0 1.0 0.0 1.0 1.0 0.0 0 7
0.0 1.0 0.0 1.0 0.0 0.0 2.0 0.0 0 1
0.0 1.0 2.0 1.0 0.0 2.0 2.0 0.0 0 2
0.0 1.0 1.0 1.0 0.0 2.0 1.0 0.0 0 1
0.0 1.0 2.0 1.0 0.0 1.0 2.0 0.0 1 1
0.0 1.0 1.0 1.0 1.0 2.0 1.0 0.0 0 2
0.0 1.0 2.0 1.0 1.0 1.0 2.0 0.0 0 2
0.0 1.0 2.0 1.0 1.0 2.0 1.0 0.0 1 1
0.0 2.0 2.0 0.0 1.0 2.0 1.0 0.0 0 1
0.0 2.0 2.0 1.0 1.0 2.0 2.0 0.0 0 1
0.0 2.0 3.0 1.0 1.0 3.0 2.0 0.0 0 1
0.0 2.0 1.0 1.0 1.0 1.0 1.0 0.0 0 1
0.0 2.0 2.0 0.0 1.0 2.0 1.0 0.0 0 1
0.0 0.0 1.0 1.0 1.0 1.0 1.0 0.0 0 1
0.0 0.0 1.0 1.0 1.0 2.0 1.0 0.0 0 1
0.0 0.0 2.0 1.0 0.0 3.0 2.0 0.0 0 1
0.0 0.0 3.0 1.0 0.0 3.0 1.0 0.0 1 1
0.0 0.0 3.0 0.0 0.0 2.0 1.0 0.0 1 1
0.0 0.0 3.0 1.0 0.0 2.0 2.0 0.0 1 1
0.0 1.0 1.0 1.0 2.0 2.0 1.0 0.0 0 1
0.0 1.0 0.0 1.0 2.0 1.0 2.0 0.0 0 1
0.0 1.0 1.0 1.0 1.0 1.0 1.0 0.0 0 2
0.0 1.0 2.0 0.0 1.0 2.0 1.0 0.0 0 1
0.0 1.0 3.0 1.0 1.0 3.0 2.0 0.0 0 1
