0.0 0.0 2.0 0.0 0.0 3.0 0.0 0.0 0 1
0.0 1.0 2.0 0.0 0.0 2.0 0.0 0.0 0 1
0.0 1.0 2.0 1.0 0.0 2.0 2.0 0.0 0 2
0.0 1.0 2.0 1.0 0.0 3.0 2.0 0.0 0 1
0.0 1.0 1.0 1.0 0.0 0.0 2.0 0.0 0 1
0.0 1.0 0.0 2.0 0.0 0.0 1.0 0.0 1 1
0.0 1.0 1.0 2.0 1.0 1.0 1.0 0.0 0 1
0.0 1.0 2.0 1.0 1.0 2.0 2.0 0.0 0 2
0.0 1.0 1.0 1.0 1.0 0.0 2.0 0.0 0 1
0.0 2.0 2.0 1.0 1.0 2.0 1.0 0.0 0 1
0.0 2.0 1.0 1.0 1.0 1.0 1.0 0.0 0 1
0.0 2.0 2.0 1.0 1.0 2.0 2.0 0.0 0 13
0.0 2.0 0.0 1.0 1.0 1.0 1.0 0.0 0 1
0.0 2.0 1.0 1.0 1.0 0.0 2.0 0.0 0 2
0.0 2.0 2.0 1.0 1.0 2.0 2.0 0.0 0 1
0.0 2.0 3.0 0.0 1.0 3.0 0.0 0.0 1 1
0.0 2.0 1.0 1.0 1.0 1.0 2.0 0.0 1 1
0.0 0.0 1.0 2.0 1.0 0.0 1.0 0.0 1 1
0.0 1.0 2.0 0.0 2.0 2.0 0.0 0.0 0 1
0.0 1.0 0.0 1.0 1.0 1.0 1.0 0.0 0 1
0.0 1.0 3.0 1.0 0.0 3.0 1.0 1.0 0 2
0.0 1.0 2.0 1.0 0.0 3.0 2.0 1.0 0 1
0.0 1.0 2.0 1.0 1.0 2.0 2.0 1.0 1 1
0.0 1.0 3.0 1.0 1.0 3.0 2.0 1.0 1 1
0.0 1.0 0.0 0.0 1.0 0.0 1.0 1.0 1 1
0.0 2.0 3.0 1.0 1.0 3.0 1.0 1.0 0 1
0.0 2.0 3.0 0.0 1.0 3.0 0.0 1.0 0 1
0.0 2.0 2.0 1.0 1.0 2.0 2.0 1.0 0 1
0.0 2.0 0.0 1.0 1.0 0.0 1.0 1.0 0 1
0.0 0.0 2.0 1.0 1.0 2.0 2.0 1.0 0 1
1.0 0.0 2.0 1.0 0.0 2.0 2.0 0.0 0 2
1.0 0.0 1.0 1.0 0.0 0.0 2.0 0.0 0 1
1.0 0.0 0.0 1.0 0.0 0.0 1.0 0.0 0 1
1.0 0.0 0.0 0.0 0.0 1.0 1.0 0.0 1 1
1.0 0.0 3.0 1.0 0.0 2.0 2.0 0.0 1 1
1.0 0.0 0.0 1.0 0.0 0.0 2.0 0.0 1 1
1.0 1.0 2.0 1.0 0.0 2.0 1.0 0.0 0 1
1.0 1.0 3.0 1.0 0.0 3.0 1.0 0.0 0 4
1.0 1.0 2.0 1.0 0.0 2.0 2.0 0.0 0 25
1.0 1.0 1.0 1.0 0.0 1.0 2.0 0.0 0 1
1.0 1.0 2.0 1.0 0.0 2.0 1.0 0.0 0 1
1.0 1.0 0.0 1.0 0.0 1.0 1.0 0.0 0 1
1.0 1.0 2.0 1.0 0.0 3.0 2.0 0.0 0 1
1.0 1.0 1.0 1.0 0.0 0.0 1.0 0.0 0 1
1.0 1.0 3.0 1.0 0.0 2.0 1.0 0.0 0 2
1.0 1.0 1.0 1.0 0.0 0.0 2.0 0.0 0 4
1.0 1.0 1.0 1.0 0.0 1.0 1.0 0.0 1 1
1.0 1.0 2.0 0.0 0.0 2.0 0.0 0.0 1 1
1.0 1.0 0.0 1.0 0.0 0.0 2.0 0.0 1 1
1.0 1.0 3.0 1.0 0.0 3.0 2.0 0.0 1 1
1.0 1.0 3.0 1.0 0.0 2.0 2.0 0.0 1 1
1.0 1.0 4.0 1.0 0.0 3.0 2.0 0.0 1 1
1.0 1.0 3.0 1.0 1.0 3.0 0.0 0.0 0 1
1.0 1.0 1.0 1.0 1.0 1.0 1.0 0.0 0 1
1.0 1.0 2.0 2.0 1.0 2.0 1.0 0.0 0 1
1.0 1.0 3.0 2.0 1.0 3.0 1.0 0.0 0 3
1.0 1.0 3.0 0.0 1.0 3.0 1.0 0.0 0 1
1.0 1.0 3.0 0.0 1.0 3.0 0.0 0.0 0 8
1.0 1.0 2.0 1.0 1.0 2.0 2.0 0.0 0 7
1.0 1.0 3.0 1.0 1.0 3.0 2.0 0.0 0 2
1.0 1.0 2.0 1.0 1.0 2.0 1.0 0.0 0 1
1.0 1.0 3.0 1.0 1.0 3.0 1.0 0.0 0 2
1.0 1.0 1.0 1.0 1.0 0.0 1.0 0.0 0 1
1.0 1.0 3.0 2.0 1.0 2.0 1.0 0.0 0 1
1.0 1.0 1.0 0.0 1.0 0.0 1.0 0.0 0 1
1.0 1.0 3.0 0.0 1.0 2.0 1.0 0.0 0 1
1.0 1.0 1.0 0.0 1.0 0.0 0.0 0.0 0 1
1.0 1.0 1.0 1.0 1.0 0.0 2.0 0.0 0 5
1.0 1.0 0.0 1.0 1.0 0.0 1.0 0.0 0 7
1.0 1.0 0.0 1.0 1.0 0.0 2.0 0.0 0 1
1.0 1.0 0.0 2.0 1.0 0.0 1.0 0.0 1 1
1.0 1.0 1.0 2.0 1.0 1.0 1.0 0.0 1 1
1.0 1.0 2.0 0.0 1.0 2.0 0.0 0.0 1 2
1.0 1.0 0.0 1.0 1.0 0.0 2.0 0.0 1 1
1.0 1.0 2.0 1.0 1.0 2.0 2.0 0.0 1 4
1.0 1.0 2.0 1.0 1.0 2.0 1.0 0.0 1 1
1.0 1.0 0.0 1.0 1.0 1.0 0.0 0.0 1 1
1.0 1.0 0.0 1.0 1.0 1.0 2.0 0.0 1 1
1.0 1.0 3.0 1.0 1.0 2.0 1.0 0.0 1 1
1.0 1.0 2.0 1.0 1.0 2.0 0.0 0.0 1 1
1.0 1.0 3.0 1.0 1.0 3.0 2.0 0.0 1 1
1.0 2.0 2.0 0.0 1.0 2.0 0.0 0.0 0 1
1.0 2.0 0.0 1.0 1.0 0.0 1.0 0.0 0 2
1.0 2.0 2.0 1.0 1.0 2.0 1.0 0.0 0 3
1.0 2.0 3.0 1.0 1.0 3.0 1.0 0.0 0 1
1.0 2.0 2.0 2.0 1.0 2.0 1.0 0.0 0 1
1.0 2.0 0.0 0.0 1.0 0.0 1.0 0.0 0 1
1.0 2.0 2.0 0.0 1.0 2.0 1.0 0.0 0 13
1.0 2.0 2.0 0.0 1.0 2.0 0.0 0.0 0 1
1.0 2.0 3.0 0.0 1.0 3.0 0.0 0.0 0 1
1.0 2.0 0.0 1.0 1.0 0.0 2.0 0.0 0 12
1.0 2.0 2.0 1.0 1.0 2.0 2.0 0.0 0 518
1.0 2.0 1.0 1.0 1.0 1.0 2.0 0.0 0 9
1.0 2.0 3.0 1.0 1.0 3.0 2.0 0.0 0 5
1.0 2.0 2.0 1.0 1.0 2.0 1.0 0.0 0 13
1.0 2.0 1.0 1.0 1.0 1.0 1.0 0.0 0 2
1.0 2.0 3.0 1.0 1.0 3.0 1.0 0.0 0 1
1.0 2.0 2.0 0.0 1.0 3.0 0.0 0.0 0 1
1.0 2.0 3.0 0.0 1.0 4.0 0.0 0.0 0 1
1.0 2.0 3.0 1.0 1.0 4.0 0.0 0.0 0 1
1.0 2.0 0.0 1.0 1.0 1.0 1.0 0.0 0 6
1.0 2.0 0.0 0.0 1.0 1.0 1.0 0.0 0 4
1.0 2.0 2.0 0.0 1.0 3.0 1.0 0.0 0 3
1.0 2.0 1.0 0.0 1.0 2.0 0.0 0.0 0 1
1.0 2.0 0.0 1.0 1.0 1.0 2.0 0.0 0 10
1.0 2.0 2.0 1.0 1.0 3.0 2.0 0.0 0 1
1.0 2.0 3.0 1.0 1.0 4.0 2.0 0.0 0 1
1.0 2.0 0.0 1.0 1.0 1.0 1.0 0.0 0 1
1.0 2.0 3.0 1.0 1.0 4.0 1.0 0.0 0 1
1.0 2.0 3.0 1.0 1.0 2.0 1.0 0.0 0 2
1.0 2.0 1.0 1.0 1.0 0.0 2.0 0.0 0 4
1.0 2.0 3.0 1.0 1.0 2.0 2.0 0.0 0 2
1.0 2.0 0.0 0.0 1.0 0.0 0.0 0.0 1 1
1.0 2.0 1.0 1.0 1.0 1.0 0.0 0.0 1 1
1.0 2.0 3.0 1.0 1.0 3.0 0.0 0.0 1 1
1.0 2.0 0.0 1.0 1.0 0.0 1.0 0.0 1 2
1.0 2.0 1.0 1.0 1.0 1.0 1.0 0.0 1 2
1.0 2.0 2.0 0.0 1.0 2.0 1.0 0.0 1 1
1.0 2.0 1.0 0.0 1.0 1.0 1.0 0.0 1 2
1.0 2.0 3.0 0.0 1.0 3.0 1.0 0.0 1 3
1.0 2.0 0.0 0.0 1.0 0.0 0.0 0.0 1 1
1.0 2.0 3.0 0.0 1.0 3.0 0.0 0.0 1 6
1.0 2.0 0.0 1.0 1.0 0.0 2.0 0.0 1 23
1.0 2.0 2.0 1.0 1.0 2.0 2.0 0.0 1 11
1.0 2.0 1.0 1.0 1.0 1.0 2.0 0.0 1 5
1.0 2.0 3.0 1.0 1.0 3.0 2.0 0.0 1 29
1.0 2.0 0.0 1.0 1.0 0.0 1.0 0.0 1 1
1.0 2.0 2.0 1.0 1.0 2.0 1.0 0.0 1 1
1.0 2.0 3.0 1.0 1.0 3.0 1.0 0.0 1 1
1.0 2.0 2.0 1.0 1.0 3.0 1.0 0.0 1 2
1.0 2.0 2.0 0.0 1.0 3.0 1.0 0.0 1 1
1.0 2.0 0.0 1.0 1.0 1.0 2.0 0.0 1 1
1.0 2.0 2.0 1.0 1.0 3.0 2.0 0.0 1 6
1.0 2.0 0.0 1.0 1.0 1.0 1.0 0.0 1 1
1.0 2.0 1.0 1.0 1.0 0.0 1.0 0.0 1 1
1.0 2.0 2.0 0.0 1.0 1.0 0.0 0.0 1 1
1.0 2.0 4.0 0.0 1.0 3.0 0.0 0.0 1 1
1.0 2.0 1.0 1.0 1.0 0.0 2.0 0.0 1 2
1.0 2.0 3.0 1.0 1.0 2.0 2.0 0.0 1 2
1.0 2.0 2.0 1.0 1.0 1.0 2.0 0.0 1 1
1.0 2.0 2.0 1.0 1.0 2.0 2.0 0.0 1 3
1.0 0.0 3.0 1.0 0.0 3.0 1.0 0.0 0 1
1.0 1.0 2.0 1.0 2.0 2.0 2.0 0.0 0 1
1.0 1.0 0.0 1.0 2.0 1.0 1.0 0.0 0 1
1.0 1.0 1.0 1.0 2.0 0.0 2.0 0.0 0 1
1.0 1.0 3.0 1.0 2.0 4.0 1.0 0.0 1 1
1.0 1.0 0.0 0.0 2.0 1.0 1.0 0.0 1 1
1.0 1.0 1.0 0.0 2.0 1.0 0.0 0.0 1 1
1.0 1.0 0.0 1.0 2.0 0.0 0.0 0.0 1 1
1.0 1.0 0.0 1.0 2.0 0.0 1.0 0.0 1 1
1.0 1.0 2.0 0.0 2.0 2.0 1.0 0.0 1 1
1.0 1.0 2.0 0.0 1.0 2.0 1.0 0.0 0 1
1.0 1.0 2.0 1.0 1.0 2.0 2.0 0.0 0 4
1.0 1.0 3.0 1.0 1.0 3.0 2.0 0.0 0 1
1.0 1.0 3.0 1.0 1.0 4.0 1.0 0.0 0 1
0.0 0.0 2.0 1.0 0.0 2.0 2.0 0.0 0 1
0.0 1.0 3.0 1.0 0.0 3.0 1.0 0.0 0 3
0.0 1.0 3.0 2.0 0.0 3.0 1.0 0.0 0 1
0.0 1.0 2.0 1.0 0.0 2.0 2.0 0.0 0 6
0.0 1.0 2.0 1.0 0.0 3.0 1.0 0.0 0 1
0.0 1.0 0.0 1.0 0.0 1.0 2.0 0.0 0 1
0.0 1.0 2.0 1.0 0.0 3.0 2.0 0.0 0 1
0.0 1.0 0.0 1.0 0.0 0.0 1.0 0.0 0 2
0.0 1.0 3.0 0.0 0.0 3.0 0.0 0.0 0 1
0.0 1.0 1.0 1.0 0.0 1.0 1.0 0.0 1 1
0.0 1.0 0.0 1.0 0.0 0.0 2.0 0.0 1 1
0.0 1.0 2.0 1.0 0.0 2.0 2.0 0.0 1 1
0.0 1.0 3.0 1.0 0.0 3.0 2.0 0.0 1 2
0.0 1.0 2.0 1.0 0.0 3.0 2.0 0.0 1 1
0.0 1.0 2.0 1.0 0.0 1.0 0.0 0.0 1 1
0.0 1.0 2.0 1.0 0.0 1.0 1.0 0.0 1 1
0.0 1.0 3.0 1.0 0.0 3.0 2.0 0.0 1 1
0.0 1.0 3.0 1.0 1.0 3.0 1.0 0.0 0 1
0.0 1.0 1.0 1.0 1.0 0.0 1.0 0.0 0 1
0.0 1.0 1.0 0.0 1.0 0.0 0.0 0.0 0 1
0.0 1.0 0.0 1.0 1.0 0.0 1.0 0.0 0 1
0.0 1.0 2.0 1.0 1.0 2.0 1.0 0.0 0 1
0.0 1.0 0.0 1.0 1.0 0.0 1.0 0.0 1 1
0.0 1.0 2.0 1.0 1.0 2.0 1.0 0.0 1 1
0.0 1.0 0.0 1.0 1.0 0.0 2.0 0.0 1 1
0.0 1.0 3.0 2.0 1.0 4.0 1.0 0.0 1 1
0.0 1.0 2.0 1.0 1.0 1.0 0.0 0.0 1 1
0.0 1.0 4.0 1.0 1.0 3.0 1.0 0.0 1 1
0.0 1.0 2.0 0.0 1.0 2.0 0.0 0.0 1 1
0.0 1.0 2.0 1.0 1.0 2.0 0.0 0.0 1 1
0.0 1.0 2.0 1.0 1.0 2.0 1.0 0.0 1 1
0.0 1.0 0.0 2.0 1.0 0.0 1.0 0.0 1 1
0.0 1.0 0.0 0.0 1.0 0.0 1.0 0.0 1 1
0.0 2.0 0.0 1.0 1.0 0.0 1.0 0.0 0 1
0.0 2.0 3.0 1.0 1.0 3.0 1.0 0.0 0 2
0.0 2.0 2.0 0.0 1.0 2.0 0.0 0.0 0 1
0.0 2.0 2.0 1.0 1.0 2.0 2.0 0.0 0 10
0.0 2.0 3.0 1.0 1.0 3.0 2.0 0.0 0 1
0.0 2.0 1.0 1.0 1.0 0.0 2.0 0.0 0 2
0.0 2.0 0.0 1.0 1.0 0.0 1.0 0.0 0 1
0.0 2.0 0.0 1.0 1.0 0.0 2.0 0.0 0 1
0.0 2.0 3.0 0.0 1.0 3.0 0.0 0.0 1 1
0.0 2.0 0.0 1.0 1.0 0.0 2.0 0.0 1 2
0.0 2.0 2.0 1.0 1.0 2.0 2.0 0.0 1 2
0.0 2.0 1.0 1.0 1.0 1.0 2.0 0.0 1 1
0.0 2.0 2.0 1.0 1.0 3.0 2.0 0.0 1 2
0.0 2.0 2.0 1.0 1.0 2.0 2.0 0.0 1 1
0.0 0.0 2.0 1.0 1.0 2.0 2.0 0.0 0 1
0.0 0.0 1.0 1.0 1.0 0.0 2.0 0.0 0 1
0.0 0.0 3.0 0.0 0.0 3.0 0.0 0.0 0 1
0.0 0.0 2.0 1.0 0.0 2.0 2.0 0.0 0 1
0.0 0.0 1.0 0.0 0.0 0.0 1.0 0.0 0 1
0.0 0.0 1.0 1.0 0.0 0.0 2.0 0.0 0 1
0.0 1.0 2.0 1.0 2.0 2.0 2.0 0.0 0 3
0.0 1.0 0.0 1.0 2.0 1.0 1.0 0.0 0 1
0.0 1.0 3.0 1.0 2.0 2.0 1.0 0.0 0 1
0.0 1.0 3.0 1.0 2.0 2.0 1.0 0.0 1 1
0.0 1.0 2.0 1.0 1.0 2.0 2.0 0.0 0 1
0.0 1.0 0.0 1.0 1.0 1.0 1.0 0.0 0 1
0.0 1.0 4.0 2.0 1.0 3.0 1.0 0.0 0 1
0.0 1.0 3.0 1.0 1.0 4.0 1.0 0.0 1 1
0.0 1.0 1.0 0.0 1.0 0.0 1.0 0.0 1 1
