0.0 0.0 2.0 1.0 0.0 2.0 2.0 0.0 0 1
0.0 0.0 0.0 1.0 0.0 1.0 0.0 0.0 0 1
0.0 0.0 1.0 1.0 0.0 2.0 1.0 0.0 0 1
0.0 0.0 1.0 1.0 0.0 0.0 0.0 0.0 0 1
0.0 0.0 2.0 0.0 0.0 1.0 1.0 0.0 0 1
0.0 0.0 1.0 0.0 0.0 0.0 0.0 0.0 0 1
0.0 0.0 1.0 1.0 0.0 0.0 1.0 0.0 0 12
0.0 0.0 3.0 1.0 0.0 2.0 1.0 0.0 0 1
0.0 0.0 0.0 1.0 0.0 0.0 0.0 0.0 0 7
0.0 0.0 1.0 1.0 0.0 1.0 1.0 0.0 0 2
0.0 0.0 2.0 1.0 0.0 1.0 1.0 0.0 1 1
0.0 1.0 0.0 1.0 0.0 0.0 0.0 0.0 0 1
0.0 1.0 1.0 1.0 0.0 1.0 1.0 0.0 0 1
0.0 1.0 1.0 2.0 0.0 1.0 1.0 0.0 0 1
0.0 1.0 2.0 0.0 0.0 2.0 1.0 0.0 0 1
0.0 1.0 1.0 0.0 0.0 1.0 0.0 0.0 0 1
0.0 1.0 2.0 1.0 0.0 2.0 2.0 0.0 0 1
0.0 1.0 1.0 1.0 0.0 1.0 2.0 0.0 0 2
0.0 1.0 3.0 1.0 0.0 3.0 2.0 0.0 0 1
0.0 1.0 1.0 1.0 0.0 1.0 1.0 0.0 0 36
0.0 1.0 0.0 1.0 0.0 1.0 0.0 0.0 0 9
0.0 1.0 3.0 1.0 0.0 4.0 0.0 0.0 0 1
0.0 1.0 3.0 0.0 0.0 4.0 1.0 0.0 0 1
0.0 1.0 2.0 1.0 0.0 3.0 1.0 0.0 0 1
0.0 1.0 2.0 1.0 0.0 1.0 0.0 0.0 0 1
0.0 1.0 1.0 1.0 0.0 0.0 1.0 0.0 0 1
0.0 1.0 2.0 0.0 0.0 1.0 0.0 0.0 0 1
0.0 1.0 2.0 1.0 0.0 1.0 2.0 0.0 0 8
0.0 1.0 2.0 1.0 0.0 1.0 1.0 0.0 0 1
0.0 1.0 1.0 0.0 0.0 1.0 0.0 0.0 0 1
0.0 1.0 0.0 1.0 0.0 0.0 1.0 0.0 0 1
0.0 1.0 1.0 1.0 0.0 1.0 1.0 0.0 0 9
0.0 1.0 1.0 1.0 0.0 1.0 1.0 0.0 1 2
0.0 1.0 1.0 0.0 0.0 2.0 0.0 0.0 1 1
0.0 1.0 3.0 2.0 0.0 4.0 1.0 0.0 1 1
0.0 1.0 3.0 0.0 0.0 4.0 0.0 0.0 1 1
0.0 1.0 3.0 1.0 0.0 2.0 2.0 0.0 1 1
0.0 1.0 0.0 1.0 0.0 0.0 1.0 0.0 1 1
0.0 1.0 2.0 1.0 0.0 2.0 1.0 0.0 1 1
0.0 1.0 0.0 1.0 0.0 0.0 2.0 0.0 1 1
0.0 1.0 1.0 2.0 1.0 1.0 1.0 0.0 0 1
0.0 1.0 2.0 1.0 1.0 1.0 1.0 0.0 0 1
0.0 1.0 2.0 1.0 1.0 1.0 2.0 0.0 0 1
0.0 1.0 1.0 1.0 1.0 1.0 1.0 0.0 0 1
0.0 1.0 2.0 1.0 1.0 3.0 1.0 0.0 1 1
0.0 2.0 2.0 0.0 1.0 2.0 0.0 0.0 0 1
0.0 2.0 2.0 1.0 1.0 2.0 1.0 0.0 0 1
0.0 2.0 2.0 1.0 1.0 2.0 2.0 0.0 0 1
0.0 2.0 0.0 1.0 1.0 0.0 1.0 0.0 0 1
0.0 2.0 1.0 2.0 1.0 0.0 1.0 0.0 0 2
0.0 2.0 3.0 0.0 1.0 2.0 1.0 0.0 0 1
0.0 2.0 2.0 1.0 1.0 3.0 1.0 0.0 1 1
0.0 2.0 1.0 0.0 1.0 0.0 1.0 0.0 1 1
0.0 2.0 2.0 0.0 1.0 1.0 1.0 0.0 1 1
0.0 0.0 0.0 1.0 0.0 0.0 0.0 0.0 0 14
0.0 0.0 0.0 2.0 0.0 0.0 1.0 0.0 0 1
0.0 0.0 3.0 1.0 0.0 3.0 2.0 0.0 0 1
0.0 0.0 3.0 0.0 0.0 4.0 0.0 0.0 0 1
0.0 0.0 1.0 1.0 0.0 2.0 2.0 0.0 0 1
0.0 0.0 1.0 1.0 0.0 2.0 1.0 0.0 0 1
0.0 0.0 1.0 0.0 0.0 0.0 0.0 0.0 0 1
0.0 0.0 1.0 1.0 0.0 0.0 1.0 0.0 0 12
0.0 0.0 2.0 1.0 0.0 1.0 1.0 0.0 0 1
0.0 0.0 2.0 0.0 0.0 1.0 0.0 0.0 0 1
0.0 0.0 0.0 1.0 0.0 0.0 2.0 0.0 0 2
0.0 0.0 0.0 1.0 0.0 0.0 0.0 0.0 1 1
0.0 0.0 1.0 1.0 0.0 1.0 1.0 0.0 1 1
0.0 0.0 0.0 1.0 0.0 0.0 1.0 0.0 1 1
0.0 0.0 0.0 1.0 0.0 1.0 0.0 0.0 1 1
0.0 0.0 1.0 1.0 0.0 2.0 0.0 0.0 1 1
0.0 0.0 3.0 0.0 0.0 2.0 0.0 0.0 1 1
0.0 0.0 3.0 2.0 0.0 3.0 1.0 0.0 1 1
0.0 1.0 2.0 2.0 2.0 1.0 1.0 0.0 1 1
0.0 1.0 1.0 1.0 1.0 2.0 2.0 0.0 0 1
0.0 0.0 2.0 0.0 0.0 2.0 1.0 1.0 0 1
0.0 0.0 0.0 1.0 0.0 0.0 1.0 1.0 0 1
0.0 0.0 3.0 0.0 0.0 3.0 1.0 1.0 1 1
0.0 0.0 3.0 0.0 0.0 2.0 0.0 1.0 1 1
0.0 1.0 1.0 1.0 0.0 1.0 1.0 1.0 0 1
0.0 1.0 1.0 1.0 0.0 2.0 1.0 1.0 0 1
0.0 1.0 3.0 1.0 0.0 3.0 1.0 1.0 1 1
0.0 1.0 1.0 1.0 1.0 2.0 1.0 1.0 0 2
0.0 2.0 0.0 1.0 1.0 0.0 0.0 1.0 0 1
0.0 0.0 1.0 1.0 0.0 1.0 1.0 1.0 0 1
0.0 0.0 3.0 0.0 0.0 4.0 0.0 1.0 0 1
0.0 0.0 1.0 1.0 0.0 0.0 1.0 1.0 0 1
0.0 1.0 2.0 0.0 2.0 2.0 0.0 1.0 0 1
0.0 1.0 2.0 0.0 2.0 2.0 0.0 1.0 0 1
0.0 1.0 3.0 1.0 2.0 4.0 0.0 1.0 1 1
1.0 0.0 2.0 1.0 0.0 2.0 1.0 0.0 0 1
1.0 0.0 2.0 1.0 0.0 2.0 2.0 0.0 0 1
1.0 0.0 1.0 1.0 0.0 1.0 1.0 0.0 0 4
1.0 0.0 3.0 1.0 0.0 3.0 1.0 0.0 0 1
1.0 0.0 0.0 1.0 0.0 1.0 0.0 0.0 0 1
1.0 0.0 1.0 1.0 0.0 2.0 1.0 0.0 0 2
1.0 0.0 0.0 1.0 0.0 1.0 2.0 0.0 0 1
1.0 0.0 3.0 1.0 0.0 4.0 2.0 0.0 0 1
1.0 0.0 1.0 1.0 0.0 0.0 2.0 0.0 0 1
1.0 0.0 2.0 1.0 0.0 1.0 2.0 0.0 0 3
1.0 0.0 1.0 1.0 0.0 1.0 1.0 0.0 0 6
1.0 0.0 2.0 1.0 0.0 2.0 2.0 0.0 0 1
1.0 0.0 1.0 1.0 0.0 1.0 1.0 0.0 0 1
1.0 0.0 4.0 0.0 0.0 3.0 1.0 0.0 1 1
1.0 0.0 1.0 0.0 0.0 1.0 0.0 0.0 1 1
1.0 1.0 3.0 1.0 0.0 3.0 0.0 0.0 0 1
1.0 1.0 1.0 0.0 0.0 1.0 0.0 0.0 0 1
1.0 1.0 0.0 1.0 0.0 0.0 2.0 0.0 0 1
1.0 1.0 2.0 1.0 0.0 2.0 2.0 0.0 0 8
1.0 1.0 1.0 1.0 0.0 1.0 2.0 0.0 0 1
1.0 1.0 1.0 1.0 0.0 1.0 1.0 0.0 0 1
1.0 1.0 1.0 1.0 0.0 2.0 1.0 0.0 0 1
1.0 1.0 1.0 2.0 0.0 2.0 1.0 0.0 0 1
1.0 1.0 0.0 1.0 0.0 1.0 2.0 0.0 0 1
1.0 1.0 1.0 1.0 0.0 2.0 2.0 0.0 0 1
1.0 1.0 2.0 1.0 0.0 1.0 1.0 0.0 0 2
1.0 1.0 4.0 1.0 0.0 3.0 1.0 0.0 0 1
1.0 1.0 2.0 1.0 0.0 1.0 2.0 0.0 0 1
1.0 1.0 2.0 0.0 0.0 2.0 0.0 0.0 0 1
1.0 1.0 1.0 1.0 0.0 1.0 2.0 0.0 0 1
1.0 1.0 1.0 1.0 0.0 2.0 1.0 0.0 1 1
1.0 1.0 3.0 1.0 0.0 4.0 1.0 0.0 1 1
1.0 1.0 1.0 1.0 0.0 0.0 0.0 0.0 1 1
1.0 1.0 1.0 1.0 1.0 1.0 0.0 0.0 0 1
1.0 1.0 0.0 1.0 1.0 0.0 1.0 0.0 0 1
1.0 1.0 2.0 1.0 1.0 2.0 1.0 0.0 0 2
1.0 1.0 1.0 0.0 1.0 1.0 0.0 0.0 0 1
1.0 1.0 2.0 1.0 1.0 2.0 2.0 0.0 0 1
1.0 1.0 0.0 1.0 1.0 0.0 1.0 0.0 0 1
1.0 1.0 1.0 1.0 1.0 1.0 1.0 0.0 0 17
1.0 1.0 3.0 1.0 1.0 3.0 1.0 0.0 0 1
1.0 1.0 1.0 0.0 1.0 2.0 0.0 0.0 0 1
1.0 1.0 0.0 1.0 1.0 1.0 0.0 0.0 0 11
1.0 1.0 0.0 1.0 1.0 1.0 1.0 0.0 0 1
1.0 1.0 1.0 1.0 1.0 2.0 1.0 0.0 0 1
1.0 1.0 1.0 0.0 1.0 2.0 1.0 0.0 0 1
1.0 1.0 2.0 0.0 1.0 3.0 0.0 0.0 0 1
1.0 1.0 2.0 1.0 1.0 3.0 2.0 0.0 0 2
1.0 1.0 1.0 1.0 1.0 2.0 2.0 0.0 0 1
1.0 1.0 0.0 1.0 1.0 1.0 1.0 0.0 0 1
1.0 1.0 2.0 1.0 1.0 1.0 0.0 0.0 0 1
1.0 1.0 1.0 1.0 1.0 0.0 1.0 0.0 0 1
1.0 1.0 3.0 1.0 1.0 2.0 1.0 0.0 0 2
1.0 1.0 2.0 1.0 1.0 1.0 1.0 0.0 0 2
1.0 1.0 1.0 2.0 1.0 0.0 1.0 0.0 0 1
1.0 1.0 2.0 0.0 1.0 1.0 1.0 0.0 0 2
1.0 1.0 2.0 0.0 1.0 1.0 0.0 0.0 0 1
1.0 1.0 1.0 1.0 1.0 0.0 2.0 0.0 0 4
1.0 1.0 2.0 1.0 1.0 1.0 2.0 0.0 0 43
1.0 1.0 2.0 1.0 1.0 1.0 1.0 0.0 0 2
1.0 1.0 1.0 0.0 1.0 1.0 0.0 0.0 0 2
1.0 1.0 3.0 0.0 1.0 3.0 0.0 0.0 0 1
1.0 1.0 1.0 1.0 1.0 1.0 0.0 0.0 0 1
1.0 1.0 1.0 1.0 1.0 1.0 1.0 0.0 0 67
1.0 1.0 3.0 1.0 1.0 3.0 1.0 0.0 0 4
1.0 1.0 2.0 0.0 1.0 2.0 1.0 0.0 0 1
1.0 1.0 0.0 0.0 1.0 0.0 0.0 0.0 0 1
1.0 1.0 2.0 1.0 1.0 2.0 2.0 0.0 0 1
1.0 1.0 3.0 1.0 1.0 3.0 2.0 0.0 0 3
1.0 1.0 1.0 1.0 1.0 1.0 1.0 0.0 0 1
1.0 1.0 3.0 1.0 1.0 3.0 1.0 0.0 0 1
1.0 1.0 1.0 1.0 1.0 1.0 1.0 0.0 1 1
1.0 1.0 1.0 0.0 1.0 2.0 0.0 0.0 1 1
1.0 1.0 1.0 1.0 1.0 2.0 0.0 0.0 1 1
1.0 1.0 1.0 1.0 1.0 0.0 2.0 0.0 1 2
1.0 1.0 2.0 0.0 1.0 2.0 0.0 0.0 1 1
1.0 1.0 0.0 1.0 1.0 0.0 1.0 0.0 1 1
1.0 1.0 2.0 1.0 1.0 2.0 1.0 0.0 1 1
1.0 1.0 1.0 1.0 1.0 1.0 1.0 0.0 1 2
1.0 2.0 2.0 1.0 1.0 2.0 0.0 0.0 0 2
1.0 2.0 0.0 1.0 1.0 0.0 1.0 0.0 0 1
1.0 2.0 2.0 1.0 1.0 2.0 1.0 0.0 0 4
1.0 2.0 3.0 1.0 1.0 3.0 1.0 0.0 0 1
1.0 2.0 2.0 0.0 1.0 2.0 1.0 0.0 0 10
1.0 2.0 3.0 0.0 1.0 3.0 1.0 0.0 0 1
1.0 2.0 2.0 0.0 1.0 2.0 0.0 0.0 0 2
1.0 2.0 3.0 0.0 1.0 3.0 0.0 0.0 0 1
1.0 2.0 0.0 1.0 1.0 0.0 2.0 0.0 0 5
1.0 2.0 2.0 1.0 1.0 2.0 2.0 0.0 0 157
1.0 2.0 1.0 1.0 1.0 1.0 2.0 0.0 0 2
1.0 2.0 3.0 1.0 1.0 3.0 2.0 0.0 0 8
1.0 2.0 2.0 1.0 1.0 2.0 1.0 0.0 0 2
1.0 2.0 1.0 0.0 1.0 2.0 0.0 0.0 0 3
1.0 2.0 1.0 1.0 1.0 2.0 0.0 0.0 0 1
1.0 2.0 0.0 1.0 1.0 1.0 1.0 0.0 0 1
1.0 2.0 2.0 1.0 1.0 3.0 1.0 0.0 0 1
1.0 2.0 1.0 1.0 1.0 2.0 1.0 0.0 0 87
1.0 2.0 3.0 1.0 1.0 4.0 1.0 0.0 0 3
1.0 2.0 1.0 2.0 1.0 2.0 1.0 0.0 0 1
1.0 2.0 3.0 2.0 1.0 4.0 1.0 0.0 0 1
1.0 2.0 0.0 1.0 1.0 1.0 2.0 0.0 0 2
1.0 2.0 2.0 1.0 1.0 3.0 2.0 0.0 0 1
1.0 2.0 1.0 1.0 1.0 2.0 2.0 0.0 0 1
1.0 2.0 3.0 1.0 1.0 4.0 2.0 0.0 0 2
1.0 2.0 0.0 1.0 1.0 1.0 1.0 0.0 0 2
1.0 2.0 2.0 1.0 1.0 3.0 1.0 0.0 0 1
1.0 2.0 1.0 1.0 1.0 2.0 1.0 0.0 0 1
1.0 2.0 3.0 1.0 1.0 2.0 1.0 0.0 0 2
1.0 2.0 2.0 1.0 1.0 1.0 1.0 0.0 0 3
1.0 2.0 3.0 0.0 1.0 2.0 0.0 0.0 0 3
1.0 2.0 4.0 0.0 1.0 3.0 0.0 0.0 0 1
1.0 2.0 1.0 1.0 1.0 0.0 2.0 0.0 0 1
1.0 2.0 3.0 1.0 1.0 2.0 2.0 0.0 0 3
1.0 2.0 2.0 1.0 1.0 1.0 2.0 0.0 0 1
1.0 2.0 3.0 1.0 1.0 2.0 1.0 0.0 0 2
1.0 2.0 3.0 1.0 1.0 3.0 0.0 0.0 0 1
1.0 2.0 2.0 1.0 1.0 2.0 2.0 0.0 0 2
1.0 2.0 2.0 1.0 1.0 2.0 1.0 0.0 0 1
1.0 2.0 1.0 1.0 1.0 1.0 1.0 0.0 1 1
1.0 2.0 0.0 1.0 1.0 0.0 2.0 0.0 1 2
1.0 2.0 2.0 1.0 1.0 2.0 2.0 0.0 1 3
1.0 2.0 1.0 1.0 1.0 1.0 2.0 0.0 1 4
1.0 2.0 3.0 1.0 1.0 3.0 2.0 0.0 1 2
1.0 2.0 2.0 1.0 1.0 3.0 1.0 0.0 1 2
1.0 2.0 3.0 1.0 1.0 4.0 1.0 0.0 1 2
1.0 2.0 2.0 1.0 1.0 3.0 2.0 0.0 1 1
1.0 2.0 1.0 1.0 1.0 2.0 1.0 0.0 1 1
1.0 2.0 3.0 0.0 1.0 2.0 0.0 0.0 1 2
1.0 2.0 2.0 1.0 1.0 1.0 2.0 0.0 1 1
1.0 2.0 1.0 1.0 1.0 0.0 1.0 0.0 1 1
1.0 2.0 0.0 0.0 1.0 0.0 0.0 0.0 1 1
1.0 2.0 1.0 0.0 1.0 1.0 0.0 0.0 1 1
1.0 2.0 1.0 1.0 1.0 1.0 1.0 0.0 1 1
1.0 2.0 1.0 1.0 1.0 1.0 2.0 0.0 1 1
1.0 0.0 0.0 1.0 1.0 0.0 0.0 0.0 0 2
1.0 0.0 1.0 0.0 1.0 1.0 0.0 0.0 0 1
1.0 0.0 1.0 1.0 1.0 0.0 1.0 0.0 0 11
1.0 0.0 1.0 0.0 1.0 0.0 0.0 0.0 0 1
1.0 0.0 1.0 1.0 1.0 1.0 1.0 0.0 0 3
1.0 0.0 2.0 0.0 1.0 3.0 1.0 0.0 1 1
1.0 0.0 1.0 1.0 1.0 0.0 1.0 0.0 1 1
1.0 0.0 3.0 1.0 1.0 2.0 2.0 0.0 1 1
1.0 0.0 1.0 1.0 0.0 1.0 1.0 0.0 0 4
1.0 0.0 3.0 1.0 0.0 3.0 2.0 0.0 0 2
1.0 0.0 2.0 0.0 0.0 1.0 0.0 0.0 0 1
1.0 0.0 2.0 1.0 0.0 1.0 1.0 0.0 0 2
1.0 0.0 1.0 2.0 0.0 1.0 1.0 0.0 0 1
1.0 0.0 2.0 1.0 0.0 1.0 1.0 0.0 1 1
1.0 1.0 1.0 1.0 2.0 2.0 1.0 0.0 0 1
1.0 1.0 2.0 1.0 2.0 2.0 2.0 0.0 0 1
1.0 1.0 1.0 0.0 1.0 1.0 0.0 0.0 0 1
1.0 1.0 1.0 1.0 1.0 1.0 0.0 0.0 0 2
1.0 1.0 0.0 1.0 1.0 0.0 1.0 0.0 0 1
1.0 1.0 2.0 1.0 1.0 2.0 1.0 0.0 0 1
1.0 1.0 1.0 1.0 1.0 1.0 1.0 0.0 0 63
1.0 1.0 1.0 2.0 1.0 1.0 1.0 0.0 0 1
1.0 1.0 1.0 0.0 1.0 1.0 1.0 0.0 0 1
1.0 1.0 2.0 1.0 1.0 2.0 2.0 0.0 0 2
1.0 1.0 1.0 1.0 1.0 1.0 2.0 0.0 0 3
1.0 1.0 3.0 1.0 1.0 3.0 2.0 0.0 0 1
1.0 1.0 2.0 1.0 1.0 2.0 1.0 0.0 0 1
1.0 1.0 1.0 1.0 1.0 1.0 1.0 0.0 0 2
1.0 1.0 0.0 0.0 1.0 1.0 0.0 0.0 0 1
1.0 1.0 0.0 1.0 1.0 1.0 1.0 0.0 0 2
1.0 1.0 1.0 1.0 1.0 2.0 1.0 0.0 0 3
1.0 1.0 2.0 1.0 1.0 3.0 2.0 0.0 0 1
1.0 1.0 1.0 1.0 1.0 0.0 1.0 0.0 0 1
1.0 1.0 2.0 1.0 1.0 2.0 0.0 0.0 0 1
1.0 1.0 3.0 1.0 1.0 3.0 1.0 0.0 0 1
1.0 1.0 0.0 0.0 1.0 0.0 0.0 0.0 1 1
1.0 1.0 0.0 1.0 1.0 0.0 1.0 0.0 1 2
1.0 1.0 2.0 1.0 1.0 2.0 1.0 0.0 1 1
1.0 1.0 1.0 1.0 1.0 1.0 1.0 0.0 1 1
1.0 1.0 0.0 1.0 1.0 1.0 0.0 0.0 1 1
1.0 1.0 3.0 1.0 1.0 4.0 1.0 0.0 1 1
1.0 1.0 4.0 2.0 1.0 3.0 1.0 0.0 1 1
1.0 1.0 0.0 0.0 1.0 0.0 0.0 0.0 1 1
0.0 0.0 0.0 1.0 0.0 0.0 0.0 0.0 0 6
0.0 0.0 2.0 1.0 0.0 2.0 1.0 0.0 0 1
0.0 0.0 1.0 1.0 0.0 2.0 1.0 0.0 0 1
0.0 0.0 1.0 1.0 0.0 0.0 1.0 0.0 0 4
0.0 0.0 1.0 0.0 0.0 1.0 0.0 0.0 0 1
0.0 0.0 2.0 1.0 0.0 1.0 1.0 0.0 1 1
0.0 0.0 4.0 1.0 0.0 3.0 1.0 0.0 1 1
0.0 1.0 2.0 1.0 0.0 2.0 1.0 0.0 0 1
0.0 1.0 1.0 1.0 0.0 1.0 1.0 0.0 0 17
0.0 1.0 2.0 0.0 0.0 2.0 1.0 0.0 0 2
0.0 1.0 2.0 1.0 0.0 2.0 2.0 0.0 0 1
0.0 1.0 1.0 1.0 0.0 1.0 2.0 0.0 0 1
0.0 1.0 3.0 1.0 0.0 3.0 2.0 0.0 0 1
0.0 1.0 3.0 1.0 0.0 3.0 1.0 0.0 0 1
0.0 1.0 2.0 1.0 0.0 3.0 2.0 0.0 0 1
0.0 1.0 0.0 1.0 0.0 1.0 1.0 0.0 0 1
0.0 1.0 1.0 1.0 0.0 0.0 1.0 0.0 0 1
0.0 1.0 2.0 1.0 0.0 1.0 1.0 0.0 0 1
0.0 1.0 3.0 1.0 0.0 2.0 2.0 0.0 0 1
0.0 1.0 0.0 1.0 0.0 0.0 1.0 0.0 1 1
0.0 1.0 2.0 1.0 0.0 2.0 1.0 0.0 1 2
0.0 1.0 1.0 1.0 0.0 1.0 1.0 0.0 1 1
0.0 1.0 0.0 1.0 0.0 1.0 1.0 0.0 1 1
0.0 1.0 1.0 1.0 0.0 2.0 1.0 0.0 1 1
0.0 1.0 1.0 0.0 0.0 0.0 0.0 0.0 1 1
0.0 1.0 0.0 2.0 1.0 0.0 1.0 0.0 0 1
0.0 1.0 2.0 1.0 1.0 1.0 1.0 0.0 0 1
0.0 2.0 2.0 1.0 1.0 2.0 2.0 0.0 0 1
0.0 2.0 0.0 1.0 1.0 1.0 1.0 0.0 0 1
0.0 2.0 1.0 1.0 1.0 2.0 1.0 0.0 0 1
0.0 2.0 3.0 0.0 1.0 3.0 0.0 0.0 0 1
0.0 2.0 1.0 1.0 1.0 1.0 1.0 0.0 1 1
0.0 2.0 0.0 1.0 1.0 1.0 1.0 0.0 1 1
0.0 2.0 3.0 1.0 1.0 4.0 1.0 0.0 1 1
0.0 0.0 1.0 0.0 0.0 1.0 1.0 0.0 0 1
0.0 0.0 2.0 1.0 0.0 1.0 1.0 0.0 0 1
0.0 0.0 2.0 0.0 0.0 2.0 0.0 0.0 1 1
0.0 0.0 1.0 1.0 0.0 2.0 1.0 0.0 1 1
0.0 0.0 1.0 1.0 0.0 0.0 1.0 0.0 1 1
0.0 1.0 2.0 1.0 2.0 2.0 1.0 0.0 0 1
0.0 1.0 2.0 0.0 2.0 2.0 0.0 0.0 0 1
0.0 1.0 3.0 1.0 2.0 3.0 2.0 0.0 0 1
0.0 1.0 1.0 1.0 1.0 1.0 1.0 0.0 0 1
0.0 1.0 2.0 1.0 1.0 2.0 2.0 0.0 0 1
0.0 1.0 0.0 1.0 1.0 1.0 1.0 0.0 0 1
0.0 1.0 1.0 1.0 1.0 2.0 1.0 0.0 0 2
0.0 1.0 2.0 1.0 1.0 3.0 2.0 0.0 0 1
0.0 1.0 2.0 1.0 1.0 1.0 1.0 0.0 1 1
