0.0 0.0 0.0 1.0 0.0 1.0 0.0 0.0 0 1
0.0 0.0 2.0 1.0 0.0 1.0 2.0 0.0 0 1
0.0 1.0 1.0 0.0 0.0 1.0 0.0 0.0 0 1
0.0 1.0 1.0 1.0 0.0 1.0 1.0 0.0 0 28
0.0 1.0 0.0 1.0 0.0 1.0 0.0 0.0 0 6
0.0 1.0 1.0 1.0 0.0 2.0 1.0 0.0 0 2
0.0 1.0 0.0 1.0 0.0 1.0 1.0 0.0 0 1
0.0 1.0 2.0 0.0 0.0 1.0 0.0 0.0 0 2
0.0 1.0 2.0 1.0 0.0 1.0 1.0 0.0 0 1
0.0 1.0 2.0 0.0 0.0 1.0 1.0 0.0 0 1
0.0 1.0 1.0 1.0 0.0 0.0 2.0 0.0 0 2
0.0 1.0 2.0 1.0 0.0 1.0 2.0 0.0 0 34
0.0 1.0 2.0 1.0 0.0 1.0 1.0 0.0 0 2
0.0 1.0 1.0 0.0 0.0 1.0 0.0 0.0 0 1
0.0 1.0 1.0 1.0 0.0 1.0 1.0 0.0 0 25
0.0 1.0 3.0 1.0 0.0 3.0 1.0 0.0 0 1
0.0 1.0 1.0 1.0 0.0 1.0 2.0 0.0 0 3
0.0 1.0 2.0 1.0 0.0 2.0 1.0 0.0 1 1
0.0 1.0 1.0 1.0 0.0 2.0 0.0 0.0 1 1
0.0 1.0 1.0 1.0 0.0 2.0 1.0 0.0 1 1
0.0 1.0 3.0 2.0 0.0 2.0 1.0 0.0 1 1
0.0 1.0 3.0 0.0 0.0 2.0 0.0 0.0 1 1
0.0 1.0 4.0 1.0 0.0 3.0 2.0 0.0 1 1
0.0 1.0 1.0 0.0 0.0 1.0 0.0 0.0 1 1
0.0 1.0 0.0 1.0 0.0 0.0 1.0 0.0 1 2
0.0 1.0 2.0 1.0 0.0 2.0 2.0 0.0 1 1
0.0 1.0 0.0 0.0 1.0 0.0 0.0 0.0 1 1
0.0 2.0 2.0 1.0 1.0 2.0 2.0 0.0 0 2
0.0 0.0 0.0 1.0 0.0 0.0 0.0 0.0 0 1
0.0 0.0 1.0 1.0 0.0 1.0 1.0 0.0 0 1
0.0 0.0 2.0 1.0 0.0 2.0 2.0 0.0 0 3
0.0 0.0 1.0 1.0 0.0 2.0 0.0 0.0 0 1
0.0 0.0 3.0 1.0 0.0 4.0 1.0 0.0 0 1
0.0 0.0 1.0 1.0 0.0 0.0 1.0 0.0 0 3
0.0 0.0 2.0 1.0 0.0 2.0 2.0 0.0 0 1
0.0 0.0 2.0 0.0 0.0 3.0 1.0 0.0 1 1
0.0 0.0 3.0 0.0 0.0 4.0 1.0 0.0 1 1
0.0 0.0 4.0 1.0 0.0 3.0 1.0 0.0 1 1
0.0 0.0 2.0 1.0 0.0 2.0 2.0 0.0 1 1
0.0 1.0 1.0 1.0 2.0 1.0 1.0 0.0 0 1
0.0 1.0 1.0 1.0 2.0 2.0 1.0 0.0 0 1
0.0 1.0 2.0 1.0 2.0 1.0 2.0 0.0 0 1
0.0 1.0 1.0 1.0 2.0 1.0 1.0 0.0 0 1
0.0 1.0 1.0 1.0 2.0 2.0 2.0 0.0 1 1
0.0 1.0 1.0 1.0 1.0 1.0 1.0 0.0 0 1
0.0 1.0 2.0 1.0 1.0 3.0 2.0 0.0 0 1
0.0 1.0 1.0 1.0 1.0 1.0 1.0 0.0 0 2
0.0 1.0 2.0 1.0 1.0 2.0 2.0 0.0 0 1
1.0 0.0 2.0 1.0 0.0 2.0 2.0 0.0 0 1
1.0 0.0 1.0 1.0 0.0 1.0 1.0 0.0 0 3
1.0 0.0 1.0 1.0 0.0 2.0 1.0 0.0 0 1
1.0 0.0 1.0 1.0 0.0 1.0 1.0 0.0 0 3
1.0 0.0 1.0 1.0 0.0 1.0 2.0 0.0 0 1
1.0 1.0 1.0 1.0 0.0 1.0 1.0 0.0 0 2
1.0 1.0 2.0 1.0 0.0 2.0 2.0 0.0 0 8
1.0 1.0 1.0 1.0 0.0 2.0 0.0 0.0 0 1
1.0 1.0 2.0 0.0 0.0 2.0 0.0 0.0 0 1
1.0 1.0 2.0 1.0 0.0 3.0 0.0 0.0 1 1
1.0 1.0 1.0 1.0 1.0 1.0 0.0 0.0 0 1
1.0 1.0 2.0 0.0 1.0 2.0 1.0 0.0 0 1
1.0 1.0 1.0 0.0 1.0 1.0 0.0 0.0 0 1
1.0 1.0 2.0 1.0 1.0 2.0 2.0 0.0 0 4
1.0 1.0 1.0 1.0 1.0 1.0 1.0 0.0 0 54
1.0 1.0 0.0 1.0 1.0 1.0 0.0 0.0 0 14
1.0 1.0 1.0 1.0 1.0 2.0 0.0 0.0 0 1
1.0 1.0 1.0 1.0 1.0 2.0 1.0 0.0 0 2
1.0 1.0 1.0 2.0 1.0 2.0 1.0 0.0 0 1
1.0 1.0 2.0 0.0 1.0 1.0 0.0 0.0 0 1
1.0 1.0 2.0 1.0 1.0 1.0 1.0 0.0 0 1
1.0 1.0 2.0 0.0 1.0 1.0 1.0 0.0 0 1
1.0 1.0 1.0 1.0 1.0 0.0 2.0 0.0 0 1
1.0 1.0 2.0 1.0 1.0 1.0 2.0 0.0 0 58
1.0 1.0 2.0 1.0 1.0 1.0 1.0 0.0 0 1
1.0 1.0 1.0 1.0 1.0 1.0 0.0 0.0 0 1
1.0 1.0 2.0 1.0 1.0 2.0 1.0 0.0 0 1
1.0 1.0 1.0 1.0 1.0 1.0 1.0 0.0 0 56
1.0 1.0 1.0 2.0 1.0 1.0 1.0 0.0 0 2
1.0 1.0 2.0 1.0 1.0 2.0 2.0 0.0 0 1
1.0 1.0 1.0 1.0 1.0 1.0 2.0 0.0 0 1
1.0 1.0 2.0 1.0 1.0 2.0 1.0 0.0 1 2
1.0 1.0 1.0 1.0 1.0 2.0 1.0 0.0 1 2
1.0 1.0 1.0 2.0 1.0 0.0 1.0 0.0 1 1
1.0 1.0 3.0 1.0 1.0 2.0 2.0 0.0 1 1
1.0 1.0 2.0 1.0 1.0 1.0 2.0 0.0 1 1
1.0 1.0 0.0 1.0 1.0 0.0 1.0 0.0 1 2
1.0 1.0 2.0 1.0 1.0 2.0 2.0 0.0 1 1
1.0 2.0 0.0 1.0 1.0 0.0 1.0 0.0 0 1
1.0 2.0 2.0 1.0 1.0 2.0 1.0 0.0 0 4
1.0 2.0 1.0 1.0 1.0 1.0 1.0 0.0 0 3
1.0 2.0 2.0 0.0 1.0 2.0 1.0 0.0 0 6
1.0 2.0 0.0 1.0 1.0 0.0 2.0 0.0 0 4
1.0 2.0 2.0 1.0 1.0 2.0 2.0 0.0 0 346
1.0 2.0 1.0 1.0 1.0 1.0 2.0 0.0 0 2
1.0 2.0 3.0 1.0 1.0 3.0 2.0 0.0 0 1
1.0 2.0 2.0 1.0 1.0 2.0 1.0 0.0 0 2
1.0 2.0 1.0 0.0 1.0 2.0 0.0 0.0 0 2
1.0 2.0 1.0 1.0 1.0 2.0 1.0 0.0 0 81
1.0 2.0 1.0 0.0 1.0 2.0 0.0 0.0 0 1
1.0 2.0 0.0 1.0 1.0 1.0 2.0 0.0 0 2
1.0 2.0 2.0 1.0 1.0 3.0 2.0 0.0 0 3
1.0 2.0 3.0 1.0 1.0 4.0 2.0 0.0 0 2
1.0 2.0 3.0 2.0 1.0 2.0 1.0 0.0 0 1
1.0 2.0 3.0 0.0 1.0 2.0 1.0 0.0 0 1
1.0 2.0 3.0 1.0 1.0 2.0 2.0 0.0 0 1
1.0 2.0 2.0 1.0 1.0 1.0 2.0 0.0 0 1
1.0 2.0 3.0 1.0 1.0 2.0 1.0 0.0 0 2
1.0 2.0 2.0 1.0 1.0 1.0 1.0 0.0 0 1
1.0 2.0 4.0 1.0 1.0 3.0 1.0 0.0 0 1
1.0 2.0 2.0 1.0 1.0 2.0 2.0 0.0 0 1
1.0 2.0 1.0 1.0 1.0 1.0 0.0 0.0 1 1
1.0 2.0 3.0 0.0 1.0 3.0 0.0 0.0 1 1
1.0 2.0 0.0 1.0 1.0 0.0 2.0 0.0 1 3
1.0 2.0 1.0 1.0 1.0 1.0 2.0 0.0 1 2
1.0 2.0 3.0 1.0 1.0 3.0 2.0 0.0 1 5
1.0 2.0 2.0 1.0 1.0 3.0 1.0 0.0 1 1
1.0 2.0 3.0 0.0 1.0 4.0 0.0 0.0 1 1
1.0 2.0 2.0 1.0 1.0 3.0 2.0 0.0 1 1
1.0 2.0 3.0 1.0 1.0 2.0 1.0 0.0 1 1
1.0 2.0 1.0 2.0 1.0 0.0 1.0 0.0 1 1
1.0 2.0 3.0 2.0 1.0 2.0 1.0 0.0 1 1
1.0 2.0 4.0 0.0 1.0 3.0 1.0 0.0 1 3
1.0 2.0 0.0 1.0 1.0 0.0 1.0 0.0 1 1
1.0 2.0 2.0 0.0 1.0 2.0 0.0 0.0 1 1
1.0 0.0 0.0 1.0 1.0 0.0 0.0 0.0 0 7
1.0 0.0 2.0 1.0 1.0 2.0 2.0 0.0 0 1
1.0 0.0 1.0 1.0 1.0 2.0 1.0 0.0 0 2
1.0 0.0 1.0 1.0 1.0 0.0 1.0 0.0 0 4
1.0 0.0 2.0 1.0 1.0 2.0 2.0 0.0 0 2
1.0 0.0 3.0 1.0 1.0 3.0 0.0 0.0 1 1
1.0 0.0 2.0 0.0 0.0 2.0 1.0 0.0 0 1
1.0 0.0 2.0 1.0 0.0 2.0 2.0 0.0 0 2
1.0 0.0 3.0 1.0 0.0 4.0 1.0 0.0 0 1
1.0 0.0 1.0 0.0 0.0 2.0 1.0 0.0 0 1
1.0 0.0 1.0 1.0 0.0 1.0 1.0 0.0 0 1
1.0 0.0 2.0 1.0 0.0 3.0 1.0 0.0 1 2
1.0 0.0 1.0 0.0 0.0 0.0 0.0 0.0 1 1
1.0 1.0 4.0 0.0 2.0 3.0 0.0 0.0 0 1
1.0 1.0 2.0 1.0 2.0 1.0 2.0 0.0 0 1
1.0 1.0 1.0 1.0 2.0 1.0 1.0 0.0 0 1
1.0 1.0 0.0 1.0 2.0 1.0 0.0 0.0 1 1
1.0 1.0 0.0 1.0 2.0 1.0 1.0 0.0 1 1
1.0 1.0 2.0 0.0 2.0 2.0 0.0 0.0 1 1
1.0 1.0 1.0 0.0 1.0 1.0 0.0 0.0 0 2
1.0 1.0 1.0 1.0 1.0 1.0 1.0 0.0 0 63
1.0 1.0 3.0 1.0 1.0 3.0 1.0 0.0 0 2
1.0 1.0 2.0 1.0 1.0 2.0 2.0 0.0 0 1
1.0 1.0 1.0 1.0 1.0 1.0 2.0 0.0 0 1
1.0 1.0 0.0 1.0 1.0 1.0 0.0 0.0 0 1
1.0 1.0 1.0 1.0 1.0 2.0 1.0 0.0 0 1
1.0 1.0 1.0 0.0 1.0 2.0 1.0 0.0 0 1
1.0 1.0 2.0 1.0 1.0 3.0 2.0 0.0 0 4
1.0 1.0 1.0 1.0 1.0 0.0 1.0 0.0 0 1
1.0 1.0 1.0 1.0 1.0 0.0 1.0 0.0 0 1
1.0 1.0 2.0 1.0 1.0 2.0 1.0 0.0 1 2
1.0 1.0 1.0 1.0 1.0 1.0 2.0 0.0 1 1
1.0 1.0 3.0 1.0 1.0 2.0 0.0 0.0 1 1
1.0 1.0 3.0 1.0 1.0 2.0 1.0 0.0 1 1
0.0 0.0 1.0 1.0 0.0 1.0 1.0 0.0 0 1
0.0 0.0 1.0 1.0 0.0 2.0 1.0 0.0 1 1
0.0 1.0 2.0 1.0 0.0 2.0 1.0 0.0 0 1
0.0 1.0 2.0 1.0 1.0 3.0 2.0 0.0 0 1
0.0 1.0 2.0 1.0 1.0 1.0 2.0 0.0 0 1
0.0 0.0 1.0 0.0 0.0 2.0 0.0 0.0 0 1
0.0 1.0 1.0 1.0 1.0 2.0 1.0 0.0 0 1
