0.0 0.0 0.0 0.0 0.0 0.0 0.0 0.0 0 351
0.0 0.0 2.0 0.0 0.0 2.0 0.0 0.0 0 7
0.0 0.0 1.0 0.0 0.0 1.0 0.0 0.0 0 10
0.0 0.0 3.0 0.0 0.0 3.0 0.0 0.0 0 4
0.0 0.0 0.0 1.0 0.0 0.0 0.0 0.0 0 2
0.0 0.0 2.0 1.0 0.0 2.0 0.0 0.0 0 2
0.0 0.0 0.0 1.0 0.0 0.0 1.0 0.0 0 75
0.0 0.0 2.0 1.0 0.0 2.0 1.0 0.0 0 1
0.0 0.0 1.0 1.0 0.0 1.0 1.0 0.0 0 2
0.0 0.0 3.0 1.0 0.0 3.0 1.0 0.0 0 1
0.0 0.0 0.0 0.0 0.0 0.0 1.0 0.0 0 12
0.0 0.0 2.0 0.0 0.0 2.0 1.0 0.0 0 1
0.0 0.0 1.0 0.0 0.0 1.0 1.0 0.0 0 2
0.0 0.0 1.0 1.0 0.0 1.0 2.0 0.0 0 1
0.0 0.0 0.0 0.0 0.0 1.0 0.0 0.0 0 3
0.0 0.0 2.0 0.0 0.0 3.0 0.0 0.0 0 7
0.0 0.0 1.0 0.0 0.0 2.0 0.0 0.0 0 2
0.0 0.0 3.0 0.0 0.0 4.0 0.0 0.0 0 1
0.0 0.0 0.0 1.0 0.0 1.0 1.0 0.0 0 2
0.0 0.0 2.0 1.0 0.0 3.0 1.0 0.0 0 2
0.0 0.0 1.0 1.0 0.0 2.0 1.0 0.0 0 1
0.0 0.0 2.0 2.0 0.0 3.0 1.0 0.0 0 1
0.0 0.0 2.0 0.0 0.0 3.0 1.0 0.0 0 3
0.0 0.0 1.0 0.0 0.0 2.0 1.0 0.0 0 1
0.0 0.0 2.0 0.0 0.0 3.0 0.0 0.0 0 1
0.0 0.0 2.0 1.0 0.0 3.0 2.0 0.0 0 3
0.0 0.0 3.0 0.0 0.0 2.0 0.0 0.0 0 5
0.0 0.0 2.0 0.0 0.0 1.0 0.0 0.0 0 1
0.0 0.0 1.0 1.0 0.0 0.0 0.0 0.0 0 2
0.0 0.0 2.0 1.0 0.0 1.0 0.0 0.0 0 1
0.0 0.0 1.0 1.0 0.0 0.0 1.0 0.0 0 3
0.0 0.0 1.0 2.0 0.0 0.0 1.0 0.0 0 2
0.0 0.0 4.0 0.0 0.0 3.0 1.0 0.0 0 1
0.0 0.0 1.0 1.0 0.0 0.0 2.0 0.0 0 1
0.0 0.0 3.0 1.0 0.0 2.0 2.0 0.0 0 1
0.0 0.0 4.0 1.0 0.0 3.0 2.0 0.0 0 1
0.0 0.0 0.0 1.0 0.0 0.0 0.0 0.0 0 1
0.0 0.0 1.0 1.0 0.0 1.0 1.0 0.0 0 1
0.0 0.0 0.0 1.0 0.0 0.0 2.0 0.0 0 1
0.0 0.0 0.0 0.0 0.0 0.0 0.0 0.0 1 11
0.0 0.0 2.0 0.0 0.0 2.0 0.0 0.0 1 8
0.0 0.0 1.0 0.0 0.0 1.0 0.0 0.0 1 14
0.0 0.0 3.0 0.0 0.0 3.0 0.0 0.0 1 9
0.0 0.0 0.0 1.0 0.0 0.0 1.0 0.0 1 1
0.0 0.0 2.0 1.0 0.0 2.0 1.0 0.0 1 2
0.0 0.0 2.0 2.0 0.0 2.0 1.0 0.0 1 1
0.0 0.0 1.0 2.0 0.0 1.0 1.0 0.0 1 5
0.0 0.0 3.0 2.0 0.0 3.0 1.0 0.0 1 1
0.0 0.0 0.0 0.0 0.0 0.0 1.0 0.0 1 2
0.0 0.0 2.0 0.0 0.0 2.0 1.0 0.0 1 4
0.0 0.0 2.0 1.0 0.0 2.0 2.0 0.0 1 1
0.0 0.0 3.0 1.0 0.0 3.0 1.0 0.0 1 1
0.0 0.0 0.0 0.0 0.0 1.0 0.0 0.0 1 1
0.0 0.0 2.0 0.0 0.0 3.0 0.0 0.0 1 1
0.0 0.0 1.0 0.0 0.0 2.0 0.0 0.0 1 2
0.0 0.0 3.0 0.0 0.0 4.0 0.0 0.0 1 1
0.0 0.0 0.0 1.0 0.0 1.0 0.0 0.0 1 1
0.0 0.0 0.0 2.0 0.0 1.0 1.0 0.0 1 1
0.0 0.0 0.0 0.0 0.0 1.0 1.0 0.0 1 2
0.0 0.0 1.0 0.0 0.0 2.0 1.0 0.0 1 1
0.0 0.0 3.0 1.0 0.0 4.0 2.0 0.0 1 1
0.0 0.0 0.0 1.0 0.0 1.0 1.0 0.0 1 1
0.0 0.0 2.0 0.0 0.0 1.0 0.0 0.0 1 3
0.0 0.0 4.0 0.0 0.0 3.0 0.0 0.0 1 1
0.0 0.0 3.0 1.0 0.0 2.0 1.0 0.0 1 1
0.0 0.0 2.0 1.0 0.0 1.0 1.0 0.0 1 1
0.0 0.0 4.0 1.0 0.0 3.0 1.0 0.0 1 1
0.0 0.0 2.0 2.0 0.0 1.0 1.0 0.0 1 1
0.0 0.0 4.0 2.0 0.0 3.0 1.0 0.0 1 1
0.0 0.0 1.0 0.0 0.0 0.0 1.0 0.0 1 1
0.0 0.0 4.0 0.0 0.0 3.0 1.0 0.0 1 1
0.0 0.0 1.0 0.0 0.0 0.0 0.0 0.0 1 1
0.0 0.0 3.0 0.0 0.0 2.0 0.0 0.0 1 2
0.0 0.0 4.0 1.0 0.0 3.0 1.0 0.0 1 1
0.0 1.0 0.0 0.0 0.0 0.0 0.0 0.0 0 9
0.0 1.0 2.0 1.0 0.0 2.0 0.0 0.0 0 1
0.0 1.0 1.0 1.0 0.0 1.0 1.0 0.0 0 2
0.0 1.0 2.0 2.0 0.0 2.0 1.0 0.0 0 1
0.0 1.0 1.0 2.0 0.0 1.0 1.0 0.0 0 1
0.0 1.0 1.0 0.0 0.0 1.0 1.0 0.0 0 1
0.0 1.0 2.0 0.0 0.0 2.0 0.0 0.0 0 1
0.0 1.0 1.0 1.0 0.0 1.0 2.0 0.0 0 1
0.0 1.0 0.0 0.0 0.0 1.0 0.0 0.0 0 2
0.0 1.0 3.0 0.0 0.0 2.0 0.0 0.0 0 1
0.0 1.0 2.0 0.0 0.0 1.0 1.0 0.0 0 1
0.0 1.0 2.0 0.0 0.0 2.0 0.0 0.0 1 1
0.0 1.0 1.0 1.0 0.0 1.0 0.0 0.0 1 1
0.0 1.0 0.0 1.0 0.0 0.0 1.0 0.0 1 1
0.0 1.0 1.0 1.0 0.0 2.0 2.0 0.0 1 1
0.0 1.0 1.0 0.0 0.0 0.0 0.0 0.0 1 1
0.0 1.0 2.0 0.0 0.0 1.0 0.0 0.0 1 1
0.0 1.0 2.0 0.0 0.0 2.0 0.0 0.0 1 1
0.0 1.0 0.0 0.0 1.0 0.0 0.0 0.0 0 28
0.0 1.0 2.0 0.0 1.0 2.0 0.0 0.0 0 2
0.0 1.0 2.0 1.0 1.0 2.0 0.0 0.0 0 2
0.0 1.0 0.0 1.0 1.0 0.0 1.0 0.0 0 3
0.0 1.0 2.0 1.0 1.0 2.0 1.0 0.0 0 1
0.0 1.0 3.0 2.0 1.0 3.0 1.0 0.0 0 1
0.0 1.0 1.0 0.0 1.0 1.0 1.0 0.0 0 5
0.0 1.0 0.0 0.0 1.0 0.0 0.0 0.0 0 2
0.0 1.0 0.0 1.0 1.0 0.0 2.0 0.0 0 1
0.0 1.0 1.0 1.0 1.0 1.0 2.0 0.0 0 1
0.0 1.0 0.0 0.0 1.0 1.0 0.0 0.0 0 7
0.0 1.0 0.0 1.0 1.0 1.0 0.0 0.0 0 1
0.0 1.0 0.0 1.0 1.0 1.0 1.0 0.0 0 2
0.0 1.0 0.0 1.0 1.0 1.0 2.0 0.0 0 1
0.0 1.0 1.0 1.0 1.0 2.0 2.0 0.0 0 1
0.0 1.0 3.0 0.0 1.0 2.0 0.0 0.0 0 3
0.0 1.0 3.0 1.0 1.0 2.0 1.0 0.0 0 1
0.0 1.0 4.0 1.0 1.0 3.0 1.0 0.0 0 1
0.0 1.0 1.0 1.0 1.0 0.0 1.0 0.0 0 1
0.0 1.0 0.0 0.0 1.0 0.0 0.0 0.0 0 2
0.0 1.0 1.0 0.0 1.0 1.0 0.0 0.0 1 2
0.0 1.0 1.0 1.0 1.0 1.0 1.0 0.0 1 1
0.0 1.0 0.0 2.0 1.0 0.0 1.0 0.0 1 1
0.0 1.0 2.0 2.0 1.0 2.0 1.0 0.0 1 1
0.0 1.0 2.0 0.0 1.0 2.0 0.0 0.0 1 1
0.0 1.0 0.0 0.0 1.0 1.0 0.0 0.0 1 1
0.0 1.0 1.0 0.0 1.0 2.0 0.0 0.0 1 1
0.0 1.0 3.0 0.0 1.0 4.0 0.0 0.0 1 1
0.0 1.0 1.0 1.0 1.0 2.0 0.0 0.0 1 1
0.0 1.0 1.0 0.0 1.0 2.0 1.0 0.0 1 2
0.0 1.0 3.0 0.0 1.0 4.0 1.0 0.0 1 1
0.0 1.0 1.0 0.0 1.0 2.0 0.0 0.0 1 1
0.0 1.0 3.0 0.0 1.0 2.0 0.0 0.0 1 1
0.0 1.0 2.0 0.0 1.0 1.0 0.0 0.0 1 1
0.0 1.0 2.0 1.0 1.0 1.0 2.0 0.0 1 1
0.0 1.0 0.0 0.0 1.0 0.0 0.0 0.0 1 2
0.0 2.0 0.0 0.0 1.0 0.0 0.0 0.0 0 3
0.0 2.0 0.0 1.0 1.0 0.0 0.0 0.0 0 1
0.0 2.0 0.0 1.0 1.0 0.0 1.0 0.0 0 1
0.0 2.0 1.0 1.0 1.0 1.0 1.0 0.0 0 1
0.0 2.0 0.0 0.0 1.0 0.0 1.0 0.0 0 1
0.0 2.0 1.0 1.0 1.0 1.0 2.0 0.0 0 1
0.0 2.0 0.0 0.0 1.0 1.0 0.0 0.0 0 2
0.0 2.0 3.0 0.0 1.0 4.0 0.0 0.0 0 1
0.0 2.0 1.0 0.0 1.0 2.0 1.0 0.0 0 1
0.0 2.0 3.0 1.0 1.0 4.0 1.0 0.0 0 1
0.0 2.0 3.0 0.0 1.0 2.0 0.0 0.0 0 3
0.0 2.0 4.0 0.0 1.0 3.0 0.0 0.0 0 1
0.0 2.0 0.0 0.0 1.0 0.0 0.0 0.0 0 1
0.0 2.0 2.0 0.0 1.0 2.0 0.0 0.0 1 1
0.0 2.0 2.0 0.0 1.0 2.0 1.0 0.0 1 1
0.0 2.0 2.0 0.0 1.0 2.0 0.0 0.0 1 1
0.0 2.0 4.0 1.0 1.0 3.0 0.0 0.0 1 1
0.0 2.0 4.0 1.0 1.0 3.0 2.0 0.0 1 1
0.0 2.0 3.0 0.0 1.0 3.0 1.0 0.0 1 1
0.0 0.0 0.0 0.0 1.0 0.0 0.0 0.0 0 1
0.0 0.0 1.0 0.0 1.0 1.0 0.0 0.0 0 1
0.0 0.0 2.0 1.0 1.0 2.0 0.0 0.0 0 1
0.0 0.0 0.0 1.0 1.0 0.0 1.0 0.0 0 2
0.0 0.0 2.0 1.0 1.0 2.0 1.0 0.0 0 2
0.0 0.0 2.0 0.0 1.0 2.0 1.0 0.0 0 1
0.0 0.0 1.0 0.0 1.0 1.0 1.0 0.0 0 1
0.0 0.0 2.0 1.0 1.0 3.0 0.0 0.0 0 1
0.0 0.0 2.0 2.0 1.0 3.0 1.0 0.0 0 1
0.0 0.0 3.0 0.0 1.0 2.0 0.0 0.0 0 1
0.0 0.0 2.0 1.0 1.0 1.0 1.0 0.0 0 1
0.0 0.0 0.0 0.0 1.0 0.0 0.0 0.0 0 1
0.0 0.0 3.0 1.0 1.0 3.0 0.0 0.0 0 1
0.0 0.0 2.0 0.0 1.0 2.0 1.0 0.0 0 1
0.0 0.0 0.0 0.0 1.0 1.0 0.0 0.0 1 1
0.0 0.0 1.0 0.0 1.0 2.0 0.0 0.0 1 1
0.0 0.0 2.0 1.0 1.0 3.0 2.0 0.0 1 1
0.0 0.0 2.0 0.0 1.0 1.0 0.0 0.0 1 1
0.0 0.0 2.0 1.0 1.0 1.0 0.0 0.0 1 1
0.0 0.0 3.0 2.0 1.0 2.0 1.0 0.0 1 1
0.0 0.0 3.0 0.0 1.0 2.0 1.0 0.0 1 1
0.0 0.0 2.0 1.0 1.0 1.0 1.0 0.0 1 1
0.0 0.0 3.0 0.0 1.0 3.0 0.0 0.0 1 1
0.0 0.0 0.0 2.0 0.0 0.0 1.0 0.0 0 1
0.0 0.0 1.0 2.0 0.0 1.0 1.0 0.0 0 1
0.0 0.0 2.0 0.0 0.0 3.0 1.0 0.0 0 1
0.0 0.0 2.0 0.0 0.0 2.0 0.0 0.0 1 1
0.0 0.0 3.0 0.0 0.0 3.0 0.0 0.0 1 1
0.0 0.0 2.0 0.0 0.0 2.0 1.0 0.0 1 1
0.0 0.0 3.0 1.0 0.0 3.0 2.0 0.0 1 1
0.0 0.0 1.0 1.0 0.0 2.0 1.0 0.0 1 1
0.0 0.0 2.0 1.0 0.0 1.0 0.0 0.0 1 1
0.0 1.0 0.0 0.0 2.0 0.0 0.0 0.0 0 5
0.0 1.0 2.0 1.0 2.0 2.0 0.0 0.0 0 1
0.0 1.0 1.0 1.0 2.0 1.0 0.0 0.0 0 1
0.0 1.0 1.0 1.0 2.0 1.0 1.0 0.0 0 1
0.0 1.0 0.0 0.0 2.0 0.0 1.0 0.0 0 1
0.0 1.0 0.0 0.0 2.0 1.0 0.0 0.0 0 4
0.0 1.0 3.0 2.0 2.0 4.0 1.0 0.0 0 1
0.0 1.0 0.0 1.0 2.0 1.0 2.0 0.0 0 1
0.0 1.0 2.0 1.0 2.0 1.0 0.0 0.0 0 1
0.0 1.0 3.0 0.0 2.0 3.0 0.0 0.0 1 1
0.0 1.0 1.0 0.0 2.0 2.0 0.0 0.0 1 1
0.0 1.0 2.0 1.0 2.0 3.0 0.0 0.0 1 1
0.0 1.0 1.0 1.0 2.0 2.0 1.0 0.0 1 1
0.0 1.0 1.0 2.0 2.0 2.0 1.0 0.0 1 2
0.0 1.0 2.0 0.0 2.0 1.0 0.0 0.0 1 1
0.0 1.0 1.0 0.0 2.0 0.0 0.0 0.0 1 1
0.0 1.0 3.0 0.0 2.0 2.0 0.0 0.0 1 1
0.0 1.0 0.0 0.0 1.0 0.0 0.0 0.0 0 1
0.0 1.0 0.0 2.0 1.0 0.0 1.0 0.0 0 1
0.0 1.0 0.0 0.0 1.0 1.0 0.0 0.0 0 1
0.0 1.0 3.0 0.0 1.0 2.0 0.0 0.0 0 1
0.0 1.0 2.0 2.0 1.0 2.0 1.0 0.0 1 1
0.0 0.0 0.0 0.0 0.0 0.0 0.0 1.0 0 2
0.0 0.0 2.0 0.0 0.0 3.0 0.0 1.0 0 2
0.0 0.0 3.0 0.0 0.0 2.0 0.0 1.0 0 1
0.0 0.0 1.0 1.0 0.0 0.0 0.0 1.0 0 1
0.0 0.0 2.0 0.0 0.0 2.0 1.0 1.0 0 1
0.0 0.0 1.0 0.0 0.0 1.0 0.0 1.0 1 1
0.0 0.0 1.0 2.0 0.0 1.0 1.0 1.0 1 1
0.0 0.0 1.0 0.0 0.0 1.0 0.0 1.0 1 1
0.0 0.0 4.0 0.0 0.0 3.0 0.0 1.0 1 1
0.0 1.0 1.0 0.0 0.0 1.0 1.0 1.0 0 1
0.0 1.0 3.0 0.0 0.0 2.0 0.0 1.0 0 1
0.0 1.0 2.0 0.0 0.0 1.0 1.0 1.0 0 1
0.0 1.0 1.0 1.0 0.0 2.0 1.0 1.0 1 1
0.0 1.0 0.0 1.0 0.0 1.0 1.0 1.0 1 1
0.0 1.0 3.0 1.0 0.0 2.0 1.0 1.0 1 1
0.0 1.0 3.0 0.0 0.0 2.0 1.0 1.0 1 1
0.0 1.0 0.0 1.0 1.0 0.0 1.0 1.0 0 1
0.0 1.0 0.0 0.0 1.0 0.0 1.0 1.0 0 1
0.0 1.0 1.0 0.0 1.0 1.0 1.0 1.0 0 2
0.0 1.0 1.0 1.0 1.0 1.0 2.0 1.0 0 1
0.0 1.0 0.0 0.0 1.0 1.0 0.0 1.0 0 1
0.0 1.0 2.0 1.0 1.0 1.0 2.0 1.0 0 1
0.0 2.0 0.0 0.0 1.0 0.0 0.0 1.0 0 1
0.0 2.0 1.0 1.0 1.0 0.0 1.0 1.0 0 1
0.0 2.0 2.0 1.0 1.0 2.0 2.0 1.0 1 1
0.0 2.0 1.0 0.0 1.0 1.0 0.0 1.0 1 1
0.0 0.0 3.0 0.0 1.0 3.0 0.0 1.0 0 1
0.0 0.0 3.0 0.0 1.0 2.0 1.0 1.0 0 1
0.0 0.0 0.0 1.0 1.0 0.0 0.0 1.0 1 1
0.0 0.0 0.0 0.0 1.0 1.0 0.0 1.0 1 1
0.0 0.0 2.0 0.0 1.0 1.0 1.0 1.0 1 1
0.0 0.0 2.0 2.0 1.0 2.0 1.0 1.0 1 1
0.0 0.0 2.0 1.0 0.0 3.0 0.0 1.0 0 1
0.0 0.0 1.0 0.0 0.0 0.0 1.0 1.0 0 1
0.0 0.0 1.0 1.0 0.0 1.0 1.0 1.0 1 1
0.0 0.0 3.0 0.0 0.0 2.0 0.0 1.0 1 1
0.0 0.0 0.0 1.0 0.0 0.0 0.0 1.0 1 1
0.0 1.0 2.0 0.0 2.0 3.0 0.0 1.0 0 1
0.0 1.0 3.0 0.0 2.0 2.0 0.0 1.0 0 1
0.0 1.0 0.0 1.0 1.0 1.0 2.0 1.0 0 1
0.0 1.0 0.0 0.0 1.0 0.0 0.0 1.0 0 1
0.0 1.0 0.0 0.0 1.0 0.0 1.0 1.0 0 1
1.0 0.0 0.0 0.0 0.0 0.0 0.0 0.0 0 3
1.0 0.0 0.0 1.0 0.0 0.0 1.0 0.0 0 1
1.0 0.0 1.0 1.0 0.0 1.0 1.0 0.0 0 1
1.0 0.0 0.0 0.0 0.0 0.0 1.0 0.0 0 1
1.0 0.0 2.0 0.0 0.0 2.0 0.0 0.0 0 1
1.0 0.0 3.0 0.0 0.0 2.0 0.0 0.0 0 1
1.0 0.0 1.0 0.0 0.0 1.0 0.0 0.0 1 1
1.0 0.0 2.0 1.0 0.0 2.0 1.0 0.0 1 1
1.0 1.0 1.0 1.0 0.0 2.0 2.0 0.0 0 1
1.0 1.0 0.0 0.0 0.0 0.0 0.0 0.0 1 1
1.0 1.0 0.0 0.0 1.0 0.0 0.0 0.0 0 5
1.0 1.0 2.0 1.0 1.0 2.0 0.0 0.0 0 1
1.0 1.0 0.0 1.0 1.0 0.0 1.0 0.0 0 1
1.0 1.0 1.0 1.0 1.0 1.0 1.0 0.0 0 2
1.0 1.0 1.0 2.0 1.0 1.0 1.0 0.0 0 2
1.0 1.0 2.0 0.0 1.0 2.0 0.0 0.0 0 1
1.0 1.0 1.0 1.0 1.0 1.0 1.0 0.0 0 1
1.0 1.0 0.0 0.0 1.0 1.0 0.0 0.0 0 1
1.0 1.0 0.0 1.0 1.0 1.0 1.0 0.0 0 1
1.0 1.0 2.0 1.0 1.0 3.0 1.0 0.0 0 1
1.0 1.0 2.0 2.0 1.0 3.0 1.0 0.0 0 1
1.0 1.0 2.0 0.0 1.0 3.0 0.0 0.0 0 1
1.0 1.0 3.0 0.0 1.0 2.0 0.0 0.0 0 3
1.0 1.0 2.0 1.0 1.0 1.0 1.0 0.0 0 1
1.0 1.0 1.0 2.0 1.0 0.0 1.0 0.0 0 1
1.0 1.0 2.0 0.0 1.0 1.0 1.0 0.0 0 1
1.0 1.0 3.0 0.0 1.0 2.0 0.0 0.0 0 1
1.0 1.0 1.0 1.0 1.0 0.0 2.0 0.0 0 1
1.0 1.0 4.0 1.0 1.0 3.0 1.0 0.0 0 1
1.0 1.0 2.0 0.0 1.0 2.0 1.0 0.0 0 1
1.0 1.0 1.0 1.0 1.0 1.0 2.0 0.0 0 1
1.0 1.0 1.0 0.0 1.0 1.0 0.0 0.0 1 1
1.0 1.0 0.0 2.0 1.0 0.0 1.0 0.0 1 1
1.0 1.0 3.0 1.0 1.0 3.0 2.0 0.0 1 2
1.0 1.0 0.0 0.0 1.0 1.0 0.0 0.0 1 1
1.0 1.0 1.0 0.0 1.0 2.0 0.0 0.0 1 1
1.0 1.0 1.0 2.0 1.0 2.0 1.0 0.0 1 1
1.0 1.0 1.0 0.0 1.0 2.0 1.0 0.0 1 1
1.0 1.0 1.0 2.0 1.0 0.0 1.0 0.0 1 1
1.0 1.0 3.0 0.0 1.0 2.0 0.0 0.0 1 1
1.0 2.0 0.0 0.0 1.0 0.0 0.0 0.0 0 3
1.0 2.0 0.0 1.0 1.0 0.0 1.0 0.0 0 2
1.0 2.0 1.0 1.0 1.0 1.0 1.0 0.0 0 1
1.0 2.0 2.0 2.0 1.0 2.0 1.0 0.0 0 1
1.0 2.0 3.0 2.0 1.0 3.0 1.0 0.0 0 1
1.0 2.0 0.0 0.0 1.0 0.0 1.0 0.0 0 2
1.0 2.0 0.0 1.0 1.0 0.0 2.0 0.0 0 1
1.0 2.0 0.0 0.0 1.0 1.0 0.0 0.0 0 1
1.0 2.0 2.0 0.0 1.0 2.0 0.0 0.0 1 1
1.0 2.0 2.0 1.0 1.0 2.0 0.0 0.0 1 1
1.0 2.0 1.0 1.0 1.0 1.0 2.0 0.0 1 1
1.0 2.0 3.0 1.0 1.0 4.0 1.0 0.0 1 1
1.0 2.0 4.0 2.0 1.0 3.0 1.0 0.0 1 1
1.0 2.0 0.0 0.0 1.0 0.0 0.0 0.0 1 1
1.0 0.0 0.0 0.0 1.0 0.0 0.0 0.0 0 1
1.0 0.0 0.0 1.0 1.0 0.0 1.0 0.0 0 1
1.0 0.0 1.0 0.0 1.0 2.0 0.0 0.0 0 1
1.0 0.0 0.0 1.0 1.0 1.0 1.0 0.0 0 1
1.0 0.0 4.0 0.0 1.0 3.0 0.0 0.0 0 1
1.0 0.0 1.0 1.0 1.0 0.0 2.0 0.0 0 1
1.0 0.0 1.0 0.0 1.0 1.0 0.0 0.0 0 1
1.0 0.0 2.0 0.0 1.0 2.0 1.0 0.0 1 1
1.0 0.0 0.0 1.0 1.0 1.0 0.0 0.0 1 1
1.0 0.0 1.0 1.0 1.0 2.0 0.0 0.0 1 1
1.0 0.0 1.0 0.0 1.0 0.0 0.0 0.0 1 1
1.0 0.0 2.0 1.0 1.0 1.0 1.0 0.0 1 2
1.0 0.0 3.0 1.0 0.0 3.0 1.0 0.0 0 1
1.0 0.0 2.0 1.0 0.0 1.0 1.0 0.0 0 1
1.0 0.0 2.0 0.0 0.0 1.0 0.0 0.0 1 1
1.0 0.0 2.0 2.0 0.0 2.0 1.0 0.0 1 1
1.0 1.0 0.0 0.0 2.0 0.0 0.0 0.0 0 1
1.0 1.0 1.0 0.0 2.0 1.0 0.0 0.0 0 1
1.0 1.0 1.0 2.0 2.0 2.0 1.0 0.0 0 1
1.0 1.0 3.0 0.0 2.0 2.0 0.0 0.0 0 1
1.0 1.0 2.0 1.0 2.0 1.0 1.0 0.0 0 1
1.0 1.0 1.0 0.0 2.0 0.0 0.0 0.0 0 1
1.0 1.0 0.0 0.0 2.0 0.0 0.0 0.0 0 1
1.0 1.0 1.0 0.0 2.0 1.0 0.0 0.0 0 1
1.0 1.0 2.0 1.0 2.0 2.0 0.0 0.0 1 1
1.0 1.0 3.0 1.0 2.0 3.0 0.0 0.0 1 1
1.0 1.0 1.0 0.0 2.0 2.0 0.0 0.0 1 1
1.0 1.0 1.0 1.0 2.0 2.0 0.0 0.0 1 1
1.0 1.0 2.0 2.0 2.0 3.0 1.0 0.0 1 1
1.0 1.0 3.0 1.0 2.0 2.0 0.0 0.0 1 1
1.0 1.0 2.0 0.0 2.0 1.0 1.0 0.0 1 1
1.0 1.0 4.0 0.0 2.0 3.0 1.0 0.0 1 1
1.0 1.0 4.0 0.0 2.0 3.0 0.0 0.0 1 1
1.0 1.0 3.0 0.0 1.0 3.0 0.0 0.0 0 1
1.0 1.0 3.0 0.0 1.0 3.0 1.0 0.0 0 1
1.0 1.0 0.0 0.0 1.0 1.0 0.0 0.0 0 1
1.0 1.0 1.0 0.0 1.0 2.0 0.0 0.0 0 1
1.0 1.0 2.0 0.0 1.0 3.0 1.0 0.0 0 2
1.0 1.0 2.0 1.0 1.0 1.0 2.0 0.0 0 1
1.0 1.0 0.0 0.0 1.0 0.0 1.0 0.0 0 1
1.0 1.0 2.0 0.0 1.0 1.0 0.0 0.0 1 1
1.0 1.0 0.0 0.0 1.0 0.0 0.0 0.0 1 1
0.0 0.0 0.0 0.0 0.0 0.0 0.0 0.0 0 1
0.0 0.0 0.0 0.0 0.0 0.0 0.0 0.0 0 1
0.0 0.0 2.0 1.0 0.0 2.0 2.0 0.0 0 1
0.0 0.0 2.0 0.0 0.0 1.0 1.0 0.0 0 1
0.0 0.0 2.0 1.0 0.0 3.0 1.0 0.0 1 1
0.0 1.0 2.0 0.0 0.0 2.0 0.0 0.0 0 1
0.0 1.0 2.0 0.0 0.0 3.0 1.0 0.0 0 1
0.0 1.0 3.0 2.0 0.0 2.0 1.0 0.0 0 1
0.0 1.0 1.0 0.0 0.0 1.0 0.0 0.0 0 1
0.0 1.0 1.0 1.0 1.0 1.0 1.0 0.0 0 1
0.0 1.0 2.0 1.0 1.0 1.0 1.0 0.0 0 1
0.0 1.0 2.0 0.0 1.0 1.0 1.0 0.0 0 1
0.0 1.0 2.0 0.0 1.0 1.0 0.0 0.0 0 1
0.0 1.0 1.0 1.0 1.0 1.0 1.0 0.0 0 1
0.0 1.0 2.0 0.0 1.0 2.0 1.0 0.0 1 1
0.0 1.0 2.0 0.0 1.0 2.0 0.0 0.0 1 1
0.0 2.0 1.0 0.0 1.0 2.0 1.0 0.0 0 1
0.0 2.0 3.0 0.0 1.0 2.0 1.0 0.0 1 1
0.0 2.0 3.0 2.0 1.0 3.0 1.0 0.0 1 1
0.0 0.0 1.0 1.0 1.0 1.0 0.0 0.0 0 1
0.0 0.0 2.0 2.0 0.0 3.0 1.0 0.0 0 1
0.0 0.0 0.0 1.0 0.0 0.0 2.0 0.0 1 1
0.0 0.0 4.0 0.0 0.0 3.0 0.0 0.0 1 1
0.0 0.0 2.0 0.0 0.0 2.0 0.0 0.0 1 1
0.0 1.0 0.0 0.0 2.0 0.0 0.0 0.0 0 1
0.0 1.0 1.0 1.0 2.0 2.0 1.0 0.0 0 1
0.0 1.0 3.0 0.0 2.0 2.0 0.0 0.0 0 2
0.0 1.0 1.0 0.0 2.0 0.0 0.0 0.0 0 1
0.0 1.0 3.0 0.0 2.0 4.0 0.0 0.0 1 1
0.0 1.0 0.0 0.0 1.0 0.0 0.0 0.0 0 1
0.0 1.0 2.0 1.0 1.0 2.0 0.0 0.0 0 1
0.0 1.0 0.0 0.0 1.0 0.0 0.0 0.0 0 1
0.0 1.0 2.0 2.0 1.0 2.0 1.0 0.0 1 1
0.0 1.0 2.0 1.0 1.0 2.0 2.0 0.0 1 1
