1.0 2.0 2.0 1.0 1.0 2.0 2.0 0.0 0 72901
1.0 2.0 1.0 1.0 1.0 2.0 1.0 0.0 0 10693
1.0 1.0 2.0 1.0 1.0 1.0 2.0 0.0 0 10212
0.0 1.0 2.0 1.0 0.0 1.0 2.0 0.0 0 684
0.0 1.0 1.0 1.0 0.0 1.0 1.0 0.0 0 101
1.0 1.0 1.0 1.0 1.0 1.0 1.0 0.0 0 2744
1.0 1.0 1.0 1.0 1.0 1.0 1.0 0.0 0 1110
1.0 1.0 1.0 1.0 1.0 1.0 1.0 0.0 0 1145
0.0 1.0 1.0 1.0 0.0 1.0 1.0 0.0 0 187
0.0 0.0 0.0 1.0 0.0 0.0 0.0 0.0 0 1
0.0 1.0 0.0 1.0 0.0 1.0 0.0 0.0 0 12
1.0 0.0 1.0 1.0 1.0 0.0 1.0 0.0 0 89
0.0 0.0 0.0 1.0 0.0 0.0 0.0 0.0 0 4
1.0 1.0 0.0 1.0 1.0 1.0 0.0 0.0 0 88
0.0 0.0 1.0 1.0 0.0 0.0 1.0 0.0 0 12
0.0 1.0 1.0 1.0 0.0 1.0 1.0 0.0 0 8
1.0 0.0 0.0 1.0 1.0 0.0 0.0 0.0 0 9
