1.0 2.0 2.0 1.0 1.0 2.0 2.0 0.0 0 50486
1.0 1.0 1.0 1.0 1.0 1.0 1.0 0.0 0 9201
1.0 2.0 1.0 1.0 1.0 2.0 1.0 0.0 0 14295
1.0 1.0 2.0 1.0 1.0 1.0 2.0 0.0 0 12829
0.0 1.0 1.0 1.0 0.0 1.0 1.0 0.0 0 1485
1.0 1.0 1.0 1.0 1.0 1.0 1.0 0.0 0 3783
1.0 1.0 1.0 1.0 1.0 1.0 1.0 0.0 0 3320
0.0 1.0 2.0 1.0 0.0 1.0 2.0 0.0 0 1964
1.0 0.0 1.0 1.0 1.0 0.0 1.0 0.0 0 618
0.0 1.0 1.0 1.0 0.0 1.0 1.0 0.0 0 624
0.0 0.0 1.0 1.0 0.0 0.0 1.0 0.0 0 215
1.0 1.0 0.0 1.0 1.0 1.0 0.0 0.0 0 765
0.0 0.0 1.0 1.0 0.0 0.0 1.0 0.0 0 31
0.0 1.0 0.0 1.0 0.0 1.0 0.0 0.0 0 142
0.0 1.0 1.0 1.0 0.0 1.0 1.0 0.0 0 97
1.0 0.0 0.0 1.0 1.0 0.0 0.0 0.0 0 98
0.0 0.0 0.0 1.0 0.0 0.0 0.0 0.0 0 6
0.0 0.0 0.0 1.0 0.0 0.0 0.0 0.0 0 29
0.0 0.0 1.0 1.0 0.0 0.0 1.0 0.0 0 7
0.0 0.0 0.0 1.0 0.0 0.0 0.0 0.0 0 5
