0.0 1.0 1.0 1.0 0.0 1.0 1.0 0.0 0 8731
1.0 1.0 1.0 1.0 1.0 1.0 1.0 0.0 0 23490
1.0 2.0 1.0 1.0 1.0 2.0 1.0 0.0 0 9726
1.0 2.0 2.0 1.0 1.0 2.0 2.0 0.0 0 18573
1.0 1.0 0.0 1.0 1.0 1.0 0.0 0.0 0 4594
1.0 1.0 1.0 1.0 1.0 1.0 1.0 0.0 0 5898
1.0 1.0 1.0 1.0 1.0 1.0 1.0 0.0 0 6911
0.0 1.0 0.0 1.0 0.0 1.0 0.0 0.0 0 1544
0.0 0.0 0.0 1.0 0.0 0.0 0.0 0.0 0 314
0.0 1.0 1.0 1.0 0.0 1.0 1.0 0.0 0 793
0.0 1.0 2.0 1.0 0.0 1.0 2.0 0.0 0 2508
1.0 0.0 0.0 1.0 1.0 0.0 0.0 0.0 0 1261
1.0 1.0 2.0 1.0 1.0 1.0 2.0 0.0 0 6869
0.0 0.0 1.0 1.0 0.0 0.0 1.0 0.0 0 2520
1.0 0.0 1.0 1.0 1.0 0.0 1.0 0.0 0 2800
0.0 0.0 1.0 1.0 0.0 0.0 1.0 0.0 0 811
0.0 1.0 1.0 1.0 0.0 1.0 1.0 0.0 0 1599
0.0 0.0 1.0 1.0 0.0 0.0 1.0 0.0 0 127
0.0 0.0 0.0 1.0 0.0 0.0 0.0 0.0 0 203
0.0 0.0 0.0 1.0 0.0 0.0 0.0 0.0 0 728
