1.0 2.0 2.0 1.0 1.0 2.0 2.0 0.0 0 17963
1.0 1.0 1.0 1.0 1.0 1.0 1.0 0.0 0 6294
1.0 1.0 1.0 1.0 1.0 1.0 1.0 0.0 0 21324
1.0 1.0 0.0 1.0 1.0 1.0 0.0 0.0 0 4880
0.0 0.0 0.0 1.0 0.0 0.0 0.0 0.0 0 1011
1.0 2.0 1.0 1.0 1.0 2.0 1.0 0.0 0 8872
0.0 1.0 2.0 1.0 0.0 1.0 2.0 0.0 0 2741
1.0 1.0 1.0 1.0 1.0 1.0 1.0 0.0 0 7409
1.0 0.0 0.0 1.0 1.0 0.0 0.0 0.0 0 1566
0.0 0.0 1.0 1.0 0.0 0.0 1.0 0.0 0 2906
1.0 0.0 1.0 1.0 1.0 0.0 1.0 0.0 0 2950
0.0 1.0 1.0 1.0 0.0 1.0 1.0 0.0 0 9436
0.0 1.0 0.0 1.0 0.0 1.0 0.0 0.0 0 2109
1.0 1.0 2.0 1.0 1.0 1.0 2.0 0.0 0 6585
0.0 1.0 1.0 1.0 0.0 1.0 1.0 0.0 0 1788
0.0 0.0 1.0 1.0 0.0 0.0 1.0 0.0 0 808
0.0 0.0 0.0 1.0 0.0 0.0 0.0 0.0 0 284
0.0 1.0 1.0 1.0 0.0 1.0 1.0 0.0 0 701
0.0 0.0 0.0 1.0 0.0 0.0 0.0 0.0 0 243
0.0 0.0 1.0 1.0 0.0 0.0 1.0 0.0 0 130
