0.0 0.0 0.0 1.0 0.0 0.0 0.0 0.0 0 4314
1.0 1.0 2.0 1.0 1.0 1.0 2.0 0.0 0 3756
1.0 2.0 2.0 1.0 1.0 2.0 2.0 0.0 0 23563
0.0 1.0 1.0 1.0 0.0 1.0 1.0 0.0 0 9001
1.0 1.0 1.0 1.0 1.0 1.0 1.0 0.0 0 11042
1.0 1.0 1.0 1.0 1.0 1.0 1.0 0.0 0 8688
1.0 2.0 1.0 1.0 1.0 2.0 1.0 0.0 0 4869
0.0 1.0 2.0 1.0 0.0 1.0 2.0 0.0 0 4036
0.0 1.0 1.0 1.0 0.0 1.0 1.0 0.0 0 9180
0.0 0.0 1.0 1.0 0.0 0.0 1.0 0.0 0 4091
1.0 1.0 0.0 1.0 1.0 1.0 0.0 0.0 0 3511
0.0 1.0 0.0 1.0 0.0 1.0 0.0 0.0 0 3740
1.0 1.0 1.0 1.0 1.0 1.0 1.0 0.0 0 8329
1.0 0.0 1.0 1.0 1.0 0.0 1.0 0.0 0 921
1.0 0.0 0.0 1.0 1.0 0.0 0.0 0.0 0 959
