1.0 2.0 2.0 1.0 1.0 2.0 2.0 0.0 0 72072
1.0 1.0 1.0 1.0 1.0 1.0 1.0 0.0 0 2513
1.0 1.0 2.0 1.0 1.0 1.0 2.0 0.0 0 8396
1.0 2.0 1.0 1.0 1.0 2.0 1.0 0.0 0 9326
0.0 1.0 2.0 1.0 0.0 1.0 2.0 0.0 0 1536
1.0 1.0 1.0 1.0 1.0 1.0 1.0 0.0 0 2444
0.0 1.0 1.0 1.0 0.0 1.0 1.0 0.0 0 429
1.0 1.0 1.0 1.0 1.0 1.0 1.0 0.0 0 2399
1.0 0.0 1.0 1.0 1.0 0.0 1.0 0.0 0 157
1.0 1.0 0.0 1.0 1.0 1.0 0.0 0.0 0 213
0.0 1.0 1.0 1.0 0.0 1.0 1.0 0.0 0 380
0.0 0.0 1.0 1.0 0.0 0.0 1.0 0.0 0 60
1.0 0.0 0.0 1.0 1.0 0.0 0.0 0.0 0 33
0.0 1.0 0.0 1.0 0.0 1.0 0.0 0.0 0 30
0.0 0.0 0.0 1.0 0.0 0.0 0.0 0.0 0 12
