0.0 0.0 0.0 1.0 0.0 0.0 0.0 0.0 0 198
1.0 2.0 1.0 1.0 1.0 2.0 1.0 0.0 0 10479
0.0 0.0 1.0 1.0 0.0 0.0 1.0 0.0 0 2262
1.0 1.0 1.0 1.0 1.0 1.0 1.0 0.0 0 24455
0.0 1.0 1.0 1.0 0.0 1.0 1.0 0.0 0 1526
1.0 2.0 2.0 1.0 1.0 2.0 2.0 0.0 0 18615
0.0 1.0 1.0 1.0 0.0 1.0 1.0 0.0 0 8596
0.0 0.0 1.0 1.0 0.0 0.0 1.0 0.0 0 852
1.0 1.0 1.0 1.0 1.0 1.0 1.0 0.0 0 5800
1.0 1.0 2.0 1.0 1.0 1.0 2.0 0.0 0 7129
1.0 0.0 0.0 1.0 1.0 0.0 0.0 0.0 0 1074
1.0 1.0 1.0 1.0 1.0 1.0 1.0 0.0 0 6558
0.0 1.0 2.0 1.0 0.0 1.0 2.0 0.0 0 2221
1.0 1.0 0.0 1.0 1.0 1.0 0.0 0.0 0 4444
0.0 1.0 0.0 1.0 0.0 1.0 0.0 0.0 0 1423
1.0 0.0 1.0 1.0 1.0 0.0 1.0 0.0 0 2525
0.0 1.0 1.0 1.0 0.0 1.0 1.0 0.0 0 821
0.0 0.0 0.0 1.0 0.0 0.0 0.0 0.0 0 641
0.0 0.0 0.0 1.0 0.0 0.0 0.0 0.0 0 284
0.0 0.0 1.0 1.0 0.0 0.0 1.0 0.0 0 97
