1.0 1.0 2.0 1.0 1.0 1.0 2.0 0.0 0 10258
1.0 2.0 2.0 1.0 1.0 2.0 2.0 0.0 0 73185
1.0 1.0 1.0 1.0 1.0 1.0 1.0 0.0 0 2771
1.0 2.0 1.0 1.0 1.0 2.0 1.0 0.0 0 11066
1.0 1.0 1.0 1.0 1.0 1.0 1.0 0.0 0 916
0.0 1.0 2.0 1.0 0.0 1.0 2.0 0.0 0 519
1.0 0.0 1.0 1.0 1.0 0.0 1.0 0.0 0 68
0.0 1.0 1.0 1.0 0.0 1.0 1.0 0.0 0 70
1.0 1.0 1.0 1.0 1.0 1.0 1.0 0.0 0 889
0.0 1.0 1.0 1.0 0.0 1.0 1.0 0.0 0 142
1.0 1.0 0.0 1.0 1.0 1.0 0.0 0.0 0 88
1.0 0.0 0.0 1.0 1.0 0.0 0.0 0.0 0 2
0.0 1.0 1.0 1.0 0.0 1.0 1.0 0.0 0 13
0.0 0.0 1.0 1.0 0.0 0.0 1.0 0.0 0 9
0.0 1.0 0.0 1.0 0.0 1.0 0.0 0.0 0 2
0.0 0.0 1.0 1.0 0.0 0.0 1.0 0.0 0 2
