1.0 2.0 2.0 1.0 1.0 2.0 2.0 0.0 0 50109
1.0 1.0 2.0 1.0 1.0 1.0 2.0 0.0 0 13192
0.0 1.0 2.0 1.0 0.0 1.0 2.0 0.0 0 1740
1.0 2.0 1.0 1.0 1.0 2.0 1.0 0.0 0 15206
1.0 1.0 1.0 1.0 1.0 1.0 1.0 0.0 0 9721
1.0 1.0 1.0 1.0 1.0 1.0 1.0 0.0 0 3389
1.0 1.0 1.0 1.0 1.0 1.0 1.0 0.0 0 3074
0.0 1.0 1.0 1.0 0.0 1.0 1.0 0.0 0 1338
1.0 1.0 0.0 1.0 1.0 1.0 0.0 0.0 0 633
1.0 0.0 1.0 1.0 1.0 0.0 1.0 0.0 0 567
1.0 0.0 0.0 1.0 1.0 0.0 0.0 0.0 0 64
0.0 0.0 0.0 1.0 0.0 0.0 0.0 0.0 0 5
0.0 1.0 1.0 1.0 0.0 1.0 1.0 0.0 0 511
0.0 0.0 1.0 1.0 0.0 0.0 1.0 0.0 0 145
0.0 1.0 1.0 1.0 0.0 1.0 1.0 0.0 0 102
0.0 1.0 0.0 1.0 0.0 1.0 0.0 0.0 0 121
0.0 0.0 1.0 1.0 0.0 0.0 1.0 0.0 0 34
0.0 0.0 0.0 1.0 0.0 0.0 0.0 0.0 0 42
0.0 0.0 0.0 1.0 0.0 0.0 0.0 0.0 0 4
0.0 0.0 1.0 1.0 0.0 0.0 1.0 0.0 0 3
