1.0 1.0 1.0 1.0 1.0 1.0 1.0 0.0 0 3094
1.0 2.0 2.0 1.0 1.0 2.0 2.0 0.0 0 50326
1.0 2.0 1.0 1.0 1.0 2.0 1.0 0.0 0 15398
1.0 1.0 2.0 1.0 1.0 1.0 2.0 0.0 0 13597
1.0 1.0 1.0 1.0 1.0 1.0 1.0 0.0 0 2824
1.0 1.0 1.0 1.0 1.0 1.0 1.0 0.0 0 9747
0.0 1.0 1.0 1.0 0.0 1.0 1.0 0.0 0 93
1.0 0.0 1.0 1.0 1.0 0.0 1.0 0.0 0 528
0.0 1.0 1.0 1.0 0.0 1.0 1.0 0.0 0 444
0.0 1.0 1.0 1.0 0.0 1.0 1.0 0.0 0 1222
1.0 0.0 0.0 1.0 1.0 0.0 0.0 0.0 0 75
0.0 0.0 1.0 1.0 0.0 0.0 1.0 0.0 0 54
0.0 1.0 2.0 1.0 0.0 1.0 2.0 0.0 0 1705
1.0 1.0 0.0 1.0 1.0 1.0 0.0 0.0 0 612
0.0 1.0 0.0 1.0 0.0 1.0 0.0 0.0 0 108
0.0 0.0 1.0 1.0 0.0 0.0 1.0 0.0 0 139
0.0 0.0 0.0 1.0 0.0 0.0 0.0 0.0 0 6
0.0 0.0 0.0 1.0 0.0 0.0 0.0 0.0 0 22
0.0 0.0 1.0 1.0 0.0 0.0 1.0 0.0 0 4
0.0 0.0 0.0 1.0 0.0 0.0 0.0 0.0 0 2
