0.0 1.0 2.0 1.0 0.0 1.0 2.0 0.0 0 3807
1.0 1.0 1.0 1.0 1.0 1.0 1.0 0.0 0 6680
1.0 2.0 2.0 1.0 1.0 2.0 2.0 0.0 0 46760
1.0 1.0 1.0 1.0 1.0 1.0 1.0 0.0 0 6571
1.0 1.0 1.0 1.0 1.0 1.0 1.0 0.0 0 7780
0.0 1.0 1.0 1.0 0.0 1.0 1.0 0.0 0 3129
1.0 2.0 1.0 1.0 1.0 2.0 1.0 0.0 0 9675
1.0 1.0 2.0 1.0 1.0 1.0 2.0 0.0 0 8190
0.0 0.0 0.0 1.0 0.0 0.0 0.0 0.0 0 427
0.0 1.0 1.0 1.0 0.0 1.0 1.0 0.0 0 3072
0.0 0.0 1.0 1.0 0.0 0.0 1.0 0.0 0 910
1.0 1.0 0.0 1.0 1.0 1.0 0.0 0.0 0 1293
1.0 0.0 0.0 1.0 1.0 0.0 0.0 0.0 0 358
1.0 0.0 1.0 1.0 1.0 0.0 1.0 0.0 0 720
0.0 1.0 0.0 1.0 0.0 1.0 0.0 0.0 0 628
