1.0 1.0 1.0 1.0 1.0 1.0 1.0 0.0 0 18129
1.0 2.0 1.0 1.0 1.0 2.0 1.0 0.0 0 13766
1.0 2.0 2.0 1.0 1.0 2.0 2.0 0.0 0 31410
1.0 1.0 2.0 1.0 1.0 1.0 2.0 0.0 0 11165
1.0 1.0 1.0 1.0 1.0 1.0 1.0 0.0 0 4921
0.0 1.0 1.0 1.0 0.0 1.0 1.0 0.0 0 4359
1.0 0.0 1.0 1.0 1.0 0.0 1.0 0.0 0 1561
1.0 1.0 1.0 1.0 1.0 1.0 1.0 0.0 0 5849
0.0 1.0 2.0 1.0 0.0 1.0 2.0 0.0 0 2541
0.0 1.0 1.0 1.0 0.0 1.0 1.0 0.0 0 338
0.0 0.0 1.0 1.0 0.0 0.0 1.0 0.0 0 227
1.0 1.0 0.0 1.0 1.0 1.0 0.0 0.0 0 2250
0.0 0.0 1.0 1.0 0.0 0.0 1.0 0.0 0 936
0.0 1.0 1.0 1.0 0.0 1.0 1.0 0.0 0 1220
1.0 0.0 0.0 1.0 1.0 0.0 0.0 0.0 0 416
0.0 0.0 1.0 1.0 0.0 0.0 1.0 0.0 0 38
0.0 0.0 0.0 1.0 0.0 0.0 0.0 0.0 0 244
0.0 1.0 0.0 1.0 0.0 1.0 0.0 0.0 0 554
0.0 0.0 0.0 1.0 0.0 0.0 0.0 0.0 0 33
0.0 0.0 0.0 1.0 0.0 0.0 0.0 0.0 0 43
