1.0 1.0 1.0 1.0 1.0 1.0 1.0 0.0 0 6340
1.0 2.0 2.0 1.0 1.0 2.0 2.0 0.0 0 30934
1.0 1.0 0.0 1.0 1.0 1.0 0.0 0.0 0 2449
1.0 1.0 1.0 1.0 1.0 1.0 1.0 0.0 0 16940
0.0 0.0 1.0 1.0 0.0 0.0 1.0 0.0 0 220
0.0 0.0 1.0 1.0 0.0 0.0 1.0 0.0 0 1078
1.0 2.0 1.0 1.0 1.0 2.0 1.0 0.0 0 12891
0.0 1.0 0.0 1.0 0.0 1.0 0.0 0.0 0 683
1.0 1.0 2.0 1.0 1.0 1.0 2.0 0.0 0 10752
0.0 1.0 1.0 1.0 0.0 1.0 1.0 0.0 0 4846
1.0 1.0 1.0 1.0 1.0 1.0 1.0 0.0 0 5536
0.0 1.0 2.0 1.0 0.0 1.0 2.0 0.0 0 2895
1.0 0.0 0.0 1.0 1.0 0.0 0.0 0.0 0 513
0.0 1.0 1.0 1.0 0.0 1.0 1.0 0.0 0 290
0.0 0.0 1.0 1.0 0.0 0.0 1.0 0.0 0 45
0.0 1.0 1.0 1.0 0.0 1.0 1.0 0.0 0 1459
1.0 0.0 1.0 1.0 1.0 0.0 1.0 0.0 0 1719
0.0 0.0 0.0 1.0 0.0 0.0 0.0 0.0 0 41
0.0 0.0 0.0 1.0 0.0 0.0 0.0 0.0 0 301
0.0 0.0 0.0 1.0 0.0 0.0 0.0 0.0 0 68
