1.0 2.0 2.0 1.0 1.0 2.0 2.0 0.0 0 72830
1.0 2.0 1.0 1.0 1.0 2.0 1.0 0.0 0 10294
1.0 1.0 2.0 1.0 1.0 1.0 2.0 0.0 0 9832
0.0 1.0 2.0 1.0 0.0 1.0 2.0 0.0 0 880
1.0 1.0 1.0 1.0 1.0 1.0 1.0 0.0 0 1483
0.0 1.0 1.0 1.0 0.0 1.0 1.0 0.0 0 6
1.0 1.0 1.0 1.0 1.0 1.0 1.0 0.0 0 2664
1.0 1.0 1.0 1.0 1.0 1.0 1.0 0.0 0 1371
0.0 1.0 1.0 1.0 0.0 1.0 1.0 0.0 0 170
1.0 1.0 0.0 1.0 1.0 1.0 0.0 0.0 0 136
0.0 1.0 1.0 1.0 0.0 1.0 1.0 0.0 0 223
0.0 0.0 1.0 1.0 0.0 0.0 1.0 0.0 0 19
0.0 1.0 0.0 1.0 0.0 1.0 0.0 0.0 0 6
1.0 0.0 1.0 1.0 1.0 0.0 1.0 0.0 0 76
0.0 0.0 0.0 1.0 0.0 0.0 0.0 0.0 0 4
1.0 0.0 0.0 1.0 1.0 0.0 0.0 0.0 0 4
0.0 0.0 1.0 1.0 0.0 0.0 1.0 0.0 0 2
