1.0 1.0 1.0 1.0 1.0 1.0 1.0 0.0 0 19133
1.0 1.0 1.0 1.0 1.0 1.0 1.0 0.0 0 4547
1.0 2.0 2.0 1.0 1.0 2.0 2.0 0.0 0 31645
1.0 1.0 2.0 1.0 1.0 1.0 2.0 0.0 0 11588
1.0 2.0 1.0 1.0 1.0 2.0 1.0 0.0 0 14550
1.0 1.0 1.0 1.0 1.0 1.0 1.0 0.0 0 5397
1.0 0.0 1.0 1.0 1.0 0.0 1.0 0.0 0 1411
1.0 1.0 0.0 1.0 1.0 1.0 0.0 0.0 0 2056
0.0 1.0 2.0 1.0 0.0 1.0 2.0 0.0 0 2224
0.0 1.0 0.0 1.0 0.0 1.0 0.0 0.0 0 417
0.0 1.0 1.0 1.0 0.0 1.0 1.0 0.0 0 1021
0.0 1.0 1.0 1.0 0.0 1.0 1.0 0.0 0 4012
0.0 0.0 1.0 1.0 0.0 0.0 1.0 0.0 0 782
0.0 1.0 1.0 1.0 0.0 1.0 1.0 0.0 0 342
0.0 0.0 1.0 1.0 0.0 0.0 1.0 0.0 0 245
0.0 0.0 0.0 1.0 0.0 0.0 0.0 0.0 0 163
1.0 0.0 0.0 1.0 1.0 0.0 0.0 0.0 0 325
0.0 0.0 1.0 1.0 0.0 0.0 1.0 0.0 0 51
0.0 0.0 0.0 1.0 0.0 0.0 0.0 0.0 0 42
0.0 0.0 0.0 1.0 0.0 0.0 0.0 0.0 0 49
