1.0 1.0 2.0 1.0 1.0 1.0 2.0 0.0 0 11445
0.0 1.0 1.0 1.0 0.0 1.0 1.0 0.0 0 1117
1.0 2.0 1.0 1.0 1.0 2.0 1.0 0.0 0 14177
0.0 1.0 1.0 1.0 0.0 1.0 1.0 0.0 0 4097
1.0 1.0 1.0 1.0 1.0 1.0 1.0 0.0 0 18674
1.0 2.0 2.0 1.0 1.0 2.0 2.0 0.0 0 31616
1.0 1.0 1.0 1.0 1.0 1.0 1.0 0.0 0 5546
1.0 1.0 1.0 1.0 1.0 1.0 1.0 0.0 0 4845
0.0 1.0 1.0 1.0 0.0 1.0 1.0 0.0 0 339
1.0 1.0 0.0 1.0 1.0 1.0 0.0 0.0 0 2080
0.0 1.0 2.0 1.0 0.0 1.0 2.0 0.0 0 2428
1.0 0.0 0.0 1.0 1.0 0.0 0.0 0.0 0 348
1.0 0.0 1.0 1.0 1.0 0.0 1.0 0.0 0 1516
0.0 1.0 0.0 1.0 0.0 1.0 0.0 0.0 0 521
0.0 0.0 1.0 1.0 0.0 0.0 1.0 0.0 0 773
0.0 0.0 0.0 1.0 0.0 0.0 0.0 0.0 0 172
0.0 0.0 0.0 1.0 0.0 0.0 0.0 0.0 0 24
0.0 0.0 1.0 1.0 0.0 0.0 1.0 0.0 0 204
0.0 0.0 0.0 1.0 0.0 0.0 0.0 0.0 0 41
0.0 0.0 1.0 1.0 0.0 0.0 1.0 0.0 0 37
