1.0 2.0 1.0 1.0 1.0 2.0 1.0 0.0 0 10667
1.0 2.0 2.0 1.0 1.0 2.0 2.0 0.0 0 73292
1.0 1.0 2.0 1.0 1.0 1.0 2.0 0.0 0 10219
1.0 1.0 1.0 1.0 1.0 1.0 1.0 0.0 0 2699
0.0 1.0 2.0 1.0 0.0 1.0 2.0 0.0 0 598
1.0 1.0 1.0 1.0 1.0 1.0 1.0 0.0 0 977
1.0 1.0 0.0 1.0 1.0 1.0 0.0 0.0 0 91
1.0 1.0 1.0 1.0 1.0 1.0 1.0 0.0 0 1075
0.0 1.0 1.0 1.0 0.0 1.0 1.0 0.0 0 83
0.0 1.0 1.0 1.0 0.0 1.0 1.0 0.0 0 192
1.0 0.0 1.0 1.0 1.0 0.0 1.0 0.0 0 72
0.0 0.0 1.0 1.0 0.0 0.0 1.0 0.0 0 10
1.0 0.0 0.0 1.0 1.0 0.0 0.0 0.0 0 7
0.0 1.0 0.0 1.0 0.0 1.0 0.0 0.0 0 5
0.0 0.0 0.0 1.0 0.0 0.0 0.0 0.0 0 1
0.0 1.0 1.0 1.0 0.0 1.0 1.0 0.0 0 10
0.0 0.0 1.0 1.0 0.0 0.0 1.0 0.0 0 1
0.0 0.0 1.0 1.0 0.0 0.0 1.0 0.0 0 1
