1.0 1.0 1.0 1.0 1.0 1.0 1.0 0.0 0 25259
1.0 2.0 2.0 1.0 1.0 2.0 2.0 0.0 0 19000
1.0 1.0 0.0 1.0 1.0 1.0 0.0 0.0 0 4130
0.0 1.0 1.0 1.0 0.0 1.0 1.0 0.0 0 8254
0.0 0.0 0.0 1.0 0.0 0.0 0.0 0.0 0 604
1.0 1.0 1.0 1.0 1.0 1.0 1.0 0.0 0 6418
1.0 1.0 2.0 1.0 1.0 1.0 2.0 0.0 0 7304
1.0 1.0 1.0 1.0 1.0 1.0 1.0 0.0 0 5484
0.0 0.0 1.0 1.0 0.0 0.0 1.0 0.0 0 795
1.0 2.0 1.0 1.0 1.0 2.0 1.0 0.0 0 10726
0.0 1.0 1.0 1.0 0.0 1.0 1.0 0.0 0 871
0.0 0.0 0.0 1.0 0.0 0.0 0.0 0.0 0 181
0.0 0.0 1.0 1.0 0.0 0.0 1.0 0.0 0 2005
0.0 1.0 0.0 1.0 0.0 1.0 0.0 0.0 0 1296
0.0 1.0 2.0 1.0 0.0 1.0 2.0 0.0 0 2250
1.0 0.0 0.0 1.0 1.0 0.0 0.0 0.0 0 1029
0.0 1.0 1.0 1.0 0.0 1.0 1.0 0.0 0 1451
1.0 0.0 1.0 1.0 1.0 0.0 1.0 0.0 0 2573
0.0 0.0 1.0 1.0 0.0 0.0 1.0 0.0 0 119
0.0 0.0 0.0 1.0 0.0 0.0 0.0 0.0 0 251
