1.0 2.0 2.0 1.0 1.0 2.0 2.0 0.0 0 50650
1.0 2.0 1.0 1.0 1.0 2.0 1.0 0.0 0 15601
1.0 1.0 2.0 1.0 1.0 1.0 2.0 0.0 0 13372
1.0 1.0 1.0 1.0 1.0 1.0 1.0 0.0 0 10029
0.0 1.0 1.0 1.0 0.0 1.0 1.0 0.0 0 467
1.0 1.0 1.0 1.0 1.0 1.0 1.0 0.0 0 2700
1.0 1.0 0.0 1.0 1.0 1.0 0.0 0.0 0 574
0.0 1.0 2.0 1.0 0.0 1.0 2.0 0.0 0 1554
1.0 1.0 1.0 1.0 1.0 1.0 1.0 0.0 0 2954
0.0 1.0 1.0 1.0 0.0 1.0 1.0 0.0 0 1151
1.0 0.0 0.0 1.0 1.0 0.0 0.0 0.0 0 64
0.0 1.0 0.0 1.0 0.0 1.0 0.0 0.0 0 86
0.0 0.0 1.0 1.0 0.0 0.0 1.0 0.0 0 41
0.0 1.0 1.0 1.0 0.0 1.0 1.0 0.0 0 128
1.0 0.0 1.0 1.0 1.0 0.0 1.0 0.0 0 475
0.0 0.0 1.0 1.0 0.0 0.0 1.0 0.0 0 121
0.0 0.0 1.0 1.0 0.0 0.0 1.0 0.0 0 5
0.0 0.0 0.0 1.0 0.0 0.0 0.0 0.0 0 22
0.0 0.0 0.0 1.0 0.0 0.0 0.0 0.0 0 5
0.0 0.0 0.0 1.0 0.0 0.0 0.0 0.0 0 1
