1.0 2.0 2.0 1.0 1.0 2.0 2.0 0.0 0 30100
1.0 1.0 1.0 1.0 1.0 1.0 1.0 0.0 0 15121
1.0 0.0 1.0 1.0 1.0 0.0 1.0 0.0 0 1866
1.0 1.0 2.0 1.0 1.0 1.0 2.0 0.0 0 9269
0.0 0.0 1.0 1.0 0.0 0.0 1.0 0.0 0 1626
1.0 1.0 1.0 1.0 1.0 1.0 1.0 0.0 0 6469
1.0 1.0 1.0 1.0 1.0 1.0 1.0 0.0 0 7354
0.0 1.0 1.0 1.0 0.0 1.0 1.0 0.0 0 5593
1.0 2.0 1.0 1.0 1.0 2.0 1.0 0.0 0 11298
0.0 1.0 2.0 1.0 0.0 1.0 2.0 0.0 0 3350
0.0 1.0 0.0 1.0 0.0 1.0 0.0 0.0 0 1157
0.0 1.0 1.0 1.0 0.0 1.0 1.0 0.0 0 2082
1.0 1.0 0.0 1.0 1.0 1.0 0.0 0.0 0 2871
1.0 0.0 0.0 1.0 1.0 0.0 0.0 0.0 0 737
0.0 1.0 1.0 1.0 0.0 1.0 1.0 0.0 0 239
0.0 0.0 1.0 1.0 0.0 0.0 1.0 0.0 0 163
0.0 0.0 0.0 1.0 0.0 0.0 0.0 0.0 0 41
0.0 0.0 0.0 1.0 0.0 0.0 0.0 0.0 0 572
0.0 0.0 0.0 1.0 0.0 0.0 0.0 0.0 0 37
0.0 0.0 1.0 1.0 0.0 0.0 1.0 0.0 0 55
