0.0 1.0 2.0 1.0 0.0 1.0 2.0 0.0 0 1724
0.0 0.0 0.0 1.0 0.0 0.0 0.0 0.0 0 18301
0.0 1.0 0.0 1.0 0.0 1.0 0.0 0.0 0 10660
0.0 0.0 1.0 1.0 0.0 0.0 1.0 0.0 0 7566
0.0 1.0 1.0 1.0 0.0 1.0 1.0 0.0 0 13047
1.0 1.0 1.0 1.0 1.0 1.0 1.0 0.0 0 5322
1.0 2.0 2.0 1.0 1.0 2.0 2.0 0.0 0 8583
1.0 1.0 0.0 1.0 1.0 1.0 0.0 0.0 0 4447
1.0 1.0 1.0 1.0 1.0 1.0 1.0 0.0 0 5911
0.0 1.0 1.0 1.0 0.0 1.0 1.0 0.0 0 14914
1.0 2.0 1.0 1.0 1.0 2.0 1.0 0.0 0 916
1.0 1.0 1.0 1.0 1.0 1.0 1.0 0.0 0 7311
1.0 0.0 0.0 1.0 1.0 0.0 0.0 0.0 0 472
1.0 1.0 2.0 1.0 1.0 1.0 2.0 0.0 0 636
1.0 0.0 1.0 1.0 1.0 0.0 1.0 0.0 0 190
