0.0 0.0 0.0 1.0 0.0 0.0 0.0 0.0 0 199
1.0 2.0 2.0 1.0 1.0 2.0 2.0 0.0 0 16414
1.0 1.0 2.0 1.0 1.0 1.0 2.0 0.0 0 5486
1.0 1.0 1.0 1.0 1.0 1.0 1.0 0.0 0 8347
0.0 1.0 1.0 1.0 0.0 1.0 1.0 0.0 0 10405
0.0 1.0 1.0 1.0 0.0 1.0 1.0 0.0 0 2600
0.0 0.0 1.0 1.0 0.0 0.0 1.0 0.0 0 589
1.0 1.0 1.0 1.0 1.0 1.0 1.0 0.0 0 17261
0.0 0.0 1.0 1.0 0.0 0.0 1.0 0.0 0 4123
1.0 0.0 0.0 1.0 1.0 0.0 0.0 0.0 0 2361
1.0 2.0 1.0 1.0 1.0 2.0 1.0 0.0 0 6811
1.0 1.0 0.0 1.0 1.0 1.0 0.0 0.0 0 5399
1.0 1.0 1.0 1.0 1.0 1.0 1.0 0.0 0 7105
0.0 0.0 1.0 1.0 0.0 0.0 1.0 0.0 0 197
0.0 0.0 0.0 1.0 0.0 0.0 0.0 0.0 0 2001
0.0 1.0 0.0 1.0 0.0 1.0 0.0 0.0 0 3394
0.0 1.0 2.0 1.0 0.0 1.0 2.0 0.0 0 3283
1.0 0.0 1.0 1.0 1.0 0.0 1.0 0.0 0 3208
0.0 1.0 1.0 1.0 0.0 1.0 1.0 0.0 0 555
0.0 0.0 0.0 1.0 0.0 0.0 0.0 0.0 0 262
