1.0 2.0 2.0 1.0 1.0 2.0 2.0 0.0 0 73189
1.0 2.0 1.0 1.0 1.0 2.0 1.0 0.0 0 11024
1.0 1.0 2.0 1.0 1.0 1.0 2.0 0.0 0 10061
1.0 1.0 1.0 1.0 1.0 1.0 1.0 0.0 0 2836
0.0 1.0 2.0 1.0 0.0 1.0 2.0 0.0 0 574
1.0 1.0 1.0 1.0 1.0 1.0 1.0 0.0 0 909
1.0 1.0 1.0 1.0 1.0 1.0 1.0 0.0 0 1006
0.0 1.0 1.0 1.0 0.0 1.0 1.0 0.0 0 65
1.0 1.0 0.0 1.0 1.0 1.0 0.0 0.0 0 73
0.0 1.0 1.0 1.0 0.0 1.0 1.0 0.0 0 163
1.0 0.0 1.0 1.0 1.0 0.0 1.0 0.0 0 62
0.0 1.0 1.0 1.0 0.0 1.0 1.0 0.0 0 14
0.0 0.0 1.0 1.0 0.0 0.0 1.0 0.0 0 10
0.0 1.0 0.0 1.0 0.0 1.0 0.0 0.0 0 7
1.0 0.0 0.0 1.0 1.0 0.0 0.0 0.0 0 5
0.0 0.0 0.0 1.0 0.0 0.0 0.0 0.0 0 1
0.0 0.0 1.0 1.0 0.0 0.0 1.0 0.0 0 1
