0.0 1.0 2.0 1.0 0.0 1.0 2.0 0.0 0 2461
1.0 2.0 1.0 1.0 1.0 2.0 1.0 0.0 0 13408
1.0 1.0 2.0 1.0 1.0 1.0 2.0 0.0 0 11962
1.0 2.0 2.0 1.0 1.0 2.0 2.0 0.0 0 49704
1.0 1.0 1.0 1.0 1.0 1.0 1.0 0.0 0 8636
1.0 1.0 1.0 1.0 1.0 1.0 1.0 0.0 0 4015
0.0 1.0 1.0 1.0 0.0 1.0 1.0 0.0 0 871
1.0 1.0 1.0 1.0 1.0 1.0 1.0 0.0 0 4582
1.0 0.0 0.0 1.0 1.0 0.0 0.0 0.0 0 134
0.0 0.0 1.0 1.0 0.0 0.0 1.0 0.0 0 330
0.0 1.0 1.0 1.0 0.0 1.0 1.0 0.0 0 1842
1.0 1.0 0.0 1.0 1.0 1.0 0.0 0.0 0 926
1.0 0.0 1.0 1.0 1.0 0.0 1.0 0.0 0 737
0.0 1.0 0.0 1.0 0.0 1.0 0.0 0.0 0 215
0.0 0.0 0.0 1.0 0.0 0.0 0.0 0.0 0 76
0.0 0.0 1.0 1.0 0.0 0.0 1.0 0.0 0 6
0.0 1.0 1.0 1.0 0.0 1.0 1.0 0.0 0 57
0.0 0.0 1.0 1.0 0.0 0.0 1.0 0.0 0 28
0.0 0.0 0.0 1.0 0.0 0.0 0.0 0.0 0 4
0.0 0.0 0.0 1.0 0.0 0.0 0.0 0.0 0 6
