0.000 0.75 2.0 2.0
0.001 0.7499999999999835 1.9999987500005054 1.9999987500004017
0.002 0.7499999999975059 1.999995000002248 1.9999950000005835
0.003 0.7499999999855015 1.999988750006524 1.99998874999809
0.004 0.7499999999525229 1.9999800000163475 1.9999799999896837
0.005 0.7499999998828804 1.9999687500367922 1.9999687499716905
0.006 0.7499999997566754 1.9999550000750963 1.9999549999401005
0.007 0.7500000001043027 1.9999387515867004 1.9999387513383384
0.008 0.7500000022921037 1.9999200082042792 1.9999200077880221
0.009 0.7500000062845815 1.9998987699076567 1.9998987692515986
0.010 0.7500000119425342 1.9998750364263578 1.9998750354380364
0.011 0.7500000190983384 1.9998488074355107 1.9998488059989847
0.012 0.7500000275590661 1.9998200825631784 1.9998200805361595
0.013 0.7500000371094953 1.9997888613974433 1.9997888586084804
0.014 0.7500000475150176 1.9997551434932657 1.999755139738978
0.015 0.7500000585244359 1.999718928379086 1.9997189234214425
0.016 0.7500000698726605 1.9996802155632025 1.9996802091268493
0.017 0.7500000812832934 1.999639004539893 1.9996389963095205
0.018 0.7500000924711037 1.9995952947952933 1.9995952844130451
0.019 0.750000103144399 1.9995490858130405 1.9995490728759604
0.020 0.7500001130072801 1.9995003770796493 1.999500361137164
0.021 0.7500001217617887 1.9994491680896553 1.9994491486410895
0.022 0.7500001291099453 1.9993954583505038 1.9993954348426273
0.023 0.7500001347556713 1.999339247387182 1.9993392192117838
0.024 0.7500001384066015 1.999280534746604 1.9992805012380934
0.025 0.750000139775783 1.9992193200017407 1.9992192804347706
0.026 0.7500001385832598 1.9991556027554946 1.9991555563426058
0.027 0.7500001345575457 1.9990893826443197 1.9990893285336035
0.028 0.7500001274369804 1.999020659341585 1.999020596614361
0.029 0.7500001169709718 1.9989494325606783 1.9989493602291852
0.030 0.7500001029211237 1.998875702057858 1.9988756190629537
0.031 0.7500000850622476 1.9987994676348377 1.9987993728437083
0.032 0.7500000631832593 1.9987207291411226 1.9987206213449953
0.033 0.7500000370879584 1.9986394864760737 1.9986393643879323
0.034 0.7500000065956923 1.9985557395907207 1.9985556018430204
0.035 0.749999971541905 1.9984694884893146 1.9984693336316932
0.036 0.7499999317785659 1.9983807332306083 1.9983805597275925
0.037 0.7499998871744874 1.998289473928894 1.9982892801575964
0.038 0.7499998376155192 1.9981957107547608 1.9981954950025653
0.039 0.7499997830046313 1.9980994439356023 1.998099204397836
0.040 0.7499997232618765 1.9980006737558584 1.9980004085334464
0.041 0.7499996583242385 1.9978994005569957 1.9978991076540966
0.042 0.7499995881453624 1.997795624737228 1.997795302058848
0.043 0.7499995126951677 1.9976893467509707 1.9976889921005516
0.044 0.7499994319593437 1.9975805671080353 1.9975801781850153
0.045 0.7499993459387333 1.9974692863725692 1.9974688607699143
0.046 0.7499992546485942 1.997355505161722 1.9973550403634237
0.047 0.7499991581177491 1.9972392241440644 1.9972387175226025
0.048 0.7499990563876168 1.9971204440377357 1.997119892851503
0.049 0.7499989495111288 1.9969991656083381 1.9969985669990233
0.050 0.7499988375515313 1.9968753896665685 1.9968747406564975
0.051 0.749998720581073 1.996749117065599 1.9967484145550292
0.052 0.7499985986795736 1.9966203486981815 1.9966195894625478
0.053 0.7499984719328872 1.9964890854935227 1.9964882661806325
0.054 0.7499983404312409 1.996355328413871 1.996354445541047
0.055 0.7499982042674703 1.9962190784508764 1.9962181284020406
0.056 0.7499980635351357 1.9960803366216735 1.9960793156443766
0.057 0.7499979183265304 1.9959391039647292 1.9959380081671168
0.058 0.7499977687305736 1.99579538153542 1.9957942068831351
0.059 0.7499976148305972 1.9956491704013757 1.9956479127143985
0.060 0.7499974565967734 1.99550047127886 1.9954991262327122
0.061 0.7499972927253225 1.995349280672649 1.9953478438433339
0.062 0.7499971225437597 1.995195597469854 1.9951940642931183
0.063 0.7499969456859734 1.9950394216599872 1.9950377874135747
0.064 0.7499967617560164 1.9948807531643455 1.9948790129657619
0.065 0.7499965703312838 1.9947195918438378 1.9947177406481564
0.066 0.7499963709655874 1.9945559375065867 1.994553970104292
0.067 0.7499961631921213 1.9943897899152805 1.994387700930148
0.068 0.7499959465263254 1.9942211487943022 1.9942189326813116
0.069 0.7499957204686452 1.9940500138366242 1.9940476648799035
0.070 0.7499954845071755 1.9938763847104448 1.993873897021244
0.071 0.7499952381202053 1.9937002610656052 1.993697628580295
0.072 0.7499949807786488 1.9935216425397495 1.9935188590178452
0.073 0.7499947119483676 1.9933405287642485 1.9933375877864536
0.074 0.7499944310923845 1.993156919369875 1.9931538143361454
0.075 0.749994137672983 1.9929708139922302 1.9929675381198515
0.076 0.7499938311536998 1.9927822122769303 1.9927787585986123
0.077 0.7499935110012012 1.9925911138845351 1.9925874752465138
0.078 0.7499931766870488 1.9923975184952298 1.99239368755538
0.079 0.7499928276893524 1.992201425813257 1.9921973950392085
0.080 0.749992463494307 1.9920028355710926 1.9919985972383503
0.081 0.7499920835976186 1.9918017475333714 1.991797293723435
0.082 0.7499916875058138 1.991598161500559 1.99159348409904
0.083 0.7499912747374341 1.9913920773123626 1.991387168007096
0.084 0.7499908448241166 1.9911834948508946 1.9911783451300422
0.085 0.7499903973115577 1.9909724140435727 1.990967015193715
0.086 0.749989931760361 1.9907588348657652 1.9907531779699805
0.087 0.7499894477467699 1.9905427573431782 1.9905368332791038
0.088 0.7499889448632838 1.9903241815539858 1.9903179809918605
0.089 0.7499884227191561 1.9901031076306974 1.990096621031382
0.090 0.749987880940779 1.9898795357617731 1.9898727533747456
0.091 0.7499873191719467 1.989653466192969 1.989646378054291
0.092 0.7499867370740068 1.989424899228433 1.9894174951586872
0.093 0.7499861343258912 1.9891938352315335 1.9891861048337272
0.094 0.7499855106240314 1.9889602746254325 1.9889522072828627
0.095 0.7499848656821574 1.9887242178933942 1.9887158027674774
0.096 0.7499841992309779 1.9884856655788365 1.9884768916068936
0.097 0.749983511017747 1.9882446182851214 1.9882354741781196
0.098 0.7499828008057101 1.988001076675083 1.9879915509153296
0.099 0.749982068373437 1.9877550414703005 1.9877451223090867
0.100 0.7499813135140365 1.9875065134501053 1.987496188905298
0.101 0.7499805360342561 1.9872554934503341 1.9872447513039102
0.102 0.7499797357534649 1.9870019823618186 1.9869908101573432
0.103 0.7499789125025224 1.9867459811286206 1.9867343661686636
0.104 0.7499780661225302 1.9864874907460053 1.9864754200894932
0.105 0.7499771964634704 1.9862265122581575 1.986213972717661
0.106 0.7499763033827294 1.9859630467556446 1.9859500248945963
0.107 0.7499753867435073 1.98569709537262 1.9856835775024602
0.108 0.7499744464131123 1.9854286592837649 1.9854146314610148
0.109 0.7499734822611462 1.9851577397009934 1.9851431877242516
0.110 0.7499724941575729 1.984884337869882 1.984869247276741
0.111 0.749971481970677 1.9846084550658594 1.984592811129743
0.112 0.7499704455649108 1.9843300925901424 1.984313880317057
0.113 0.7499693847986316 1.9840492517654194 1.9840324558906206
0.114 0.7499682990972385 1.9837659322327752 1.9837485372482377
0.115 0.7499671868289742 1.9834801297555082 1.9834621199668983
0.116 0.749966047339114 1.983191844377304 1.983173203811912
0.117 0.7499648800231125 1.9829010763981763 1.982881788796969
0.118 0.7499636842476097 1.9826078260433542 1.982587874859587
0.119 0.7499624593535975 1.9823120934713978 1.9822914618692593
0.120 0.7499612046594807 1.9820138787820794 1.9819925496353619
0.121 0.7499599194640361 1.9817131820240448 1.981691137914841
0.122 0.7499586030492637 1.9814100032022366 1.9813872264196577
0.123 0.7499572546831326 1.9811043422850878 1.9810808148240013
0.124 0.7499558736222193 1.9807961992114775 1.9807719027712634
0.125 0.7499544591142376 1.9804855738974534 1.9804604898807727
0.126 0.7499530104004606 1.9801724662427151 1.9801465757542918
0.127 0.7499515267180301 1.9798568761368522 1.979830159982263
0.128 0.7499500073021613 1.979538803465354 1.9795112421498253
0.129 0.7499484513882302 1.9792182481153626 1.979189821842569
0.130 0.7499468582137548 1.9788952099811938 1.9788658986520589
0.131 0.74994522702026 1.9785696889696014 1.9785394721810954
0.132 0.7499435570550337 1.97824168500481 1.978210542048741
0.133 0.7499418475727644 1.9779111980332813 1.9778791078950806
0.134 0.7499400978370723 1.9775782280282534 1.9775451693857478
0.135 0.7499383071219196 1.9772427749940114 1.977208726216182
0.136 0.7499364747129098 1.9769048389699198 1.9768697781156448
0.137 0.7499345999084704 1.976564420034196 1.976528324850972
0.138 0.7499326820209218 1.9762215183074374 1.9761843662300784
0.139 0.7499307203774309 1.975876133955895 1.975837902105206
0.140 0.7499287143208448 1.9755282671944847 1.9754889323759057
0.141 0.7499266632104137 1.9751779182895552 1.9751374569917741
0.142 0.7499245664223946 1.9748250875613975 1.9747834759549274
0.143 0.7499224233505369 1.9744697753864915 1.9744269893222102
0.144 0.7499202334064569 1.9741119821995112 1.9740679972071609
0.145 0.749917996019888 1.9737517084950589 1.9737064997817004
0.146 0.74991571063882 1.9733889548291512 1.9733424972775733
0.147 0.7499133767295195 1.973023721820448 1.9729759899875248
0.148 0.7499109937764318 1.9726560101512187 1.9726069782662163
0.149 0.7499085612819671 1.9722858205680551 1.9722354625308816
0.150 0.7499060787661723 1.9719131538823307 1.9718614432617274
0.151 0.7499035457662806 1.9715380109703928 1.9714849210020646
0.152 0.74990096183615 1.9711603927735075 1.9711058963581871
0.153 0.7498983265455801 1.9707803002975377 1.9707243699989854
0.154 0.7498956394795188 1.9703977346123753 1.9703403426553052
0.155 0.7498929002371452 1.970012696851104 1.9699538151190392
0.156 0.7498901084308446 1.9696251882089173 1.969564788241969
0.157 0.7498872636850618 1.969235209941771 1.9691732629343373
0.158 0.7498843656350418 1.9688427633647843 1.9687792401631694
0.159 0.7498814139254575 1.9684478498503901 1.9683827209503384
0.160 0.7498784082089172 1.9680504708262152 1.9679837063703574
0.161 0.7498753481443646 1.967650627772727 1.967582197547938
0.162 0.7498722333953624 1.9672483222206127 1.9671781956552765
0.163 0.7498690636282593 1.9668435557479054 1.9667717019090845
0.164 0.7498658385102532 1.9664363299768697 1.9663627175673777
0.165 0.7498625577073318 1.9660266465706213 1.9659512439259945
0.166 0.7498592208821113 1.9656145072295126 1.9655372823148798
0.167 0.7498558276915575 1.9651999136872502 1.9651208340940975
0.168 0.7498523773185776 1.9647828655865298 1.9647018985742166
0.169 0.7498488678950106 1.9643633583185633 1.9642804708878967
0.170 0.7498452985670131 1.9639413924258322 1.963856551193492
0.171 0.7498416685228892 1.9635169687104828 1.9634301399007172
0.172 0.7498379769222593 1.9630900878922002 1.9630012373363679
0.173 0.7498342228992502 1.9626607506166245 1.9625698437527608
0.174 0.7498304055655788 1.9622289574635363 1.9621359593359446
0.175 0.7498265240135329 1.961794708954824 1.9616995842136862
0.176 0.7498225773188477 1.9613580055622286 1.9612607184632318
0.177 0.749818564543475 1.960918847714859 1.9608193621188383
0.178 0.7498144847382429 1.9604772358064741 1.9603755151790658
0.179 0.7498103369454132 1.9600331702025457 1.9599291776138488
0.180 0.7498061202011245 1.9595866512470779 1.9594803493713207
0.181 0.7498018335377306 1.9591376792692032 1.9590290303844131
0.182 0.7497974759860241 1.9586862545895347 1.9585752205772067
0.183 0.7497930465773537 1.9582323775262858 1.9581189198710474
0.184 0.7497885443456276 1.957776048401155 1.9576601281904236
0.185 0.7497839683292058 1.9573172675449668 1.9571988454685976
0.186 0.7497793175726787 1.956856035303072 1.9567350716529925
0.187 0.7497745911285355 1.9563923520405115 1.95626880671034
0.188 0.7497697880587145 1.9559262181469295 1.9558000506315731
0.189 0.749764907436045 1.955457634041252 1.9553288034364829
0.190 0.749759948345569 1.95498660017611 1.9548550651781147
0.191 0.7497549098857536 1.9545131170420271 1.954378835946927
0.192 0.7497497911695826 1.9540371851713503 1.9539001158746905
0.193 0.7497445913255392 1.953558805141944 1.9534189051381456
0.194 0.7497393094984642 1.9530779775806204 1.9529352039623935
0.195 0.7497339448503081 1.9525947031663389 1.9524490126240548
0.196 0.7497284965607589 1.9521089826331426 1.9519603314541591
0.197 0.7497229638277576 1.951620816772847 1.9514691608407866
0.198 0.749717345867895 1.9511302064374803 1.9509755012314551
0.199 0.7497116419166945 1.9506371525414725 1.9504793531352553
0.200 0.7497058512287734 1.950141656063586 1.949980717124722
0.201 0.7496999730778928 1.9496437180486041 1.949479593837462
0.202 0.7496940067568862 1.9491433396087594 1.948975983977517
0.203 0.7496879515774738 1.9486405219249123 1.9484698883164746
0.204 0.7496818068699587 1.948135266247477 1.947961307694323
0.205 0.749675571982805 1.9476275738970894 1.9474502430200449
0.206 0.7496692462821041 1.9471174462650325 1.946936695271965
0.207 0.7496628291509189 1.9466048848133997 1.9464206654978333
0.208 0.7496563199885133 1.9460898910750044 1.9459021548146511
0.209 0.7496497182094687 1.9455724666530476 1.945381164408251
0.210 0.7496430232426796 1.9450526132205186 1.9448576955326093
0.211 0.7496362345302376 1.9445303325193548 1.9443317495089116
0.212 0.7496293515261977 1.9440056263593435 1.943803327724359
0.213 0.749622373695232 1.9434784966167755 1.9432724316307244
0.214 0.7496153005111649 1.9429489452328421 1.9427390627426457
0.215 0.7496081314553992 1.94241697421179 1.942203222635678
0.216 0.7496008660152241 1.941882585618817 1.9416649129440806
0.217 0.7495935036820136 1.9413457815777282 1.941124135358363
0.218 0.7495860439493082 1.9408065642683303 1.9405808916225677
0.219 0.7495784863107888 1.9402649359235942 1.9400351835313145
0.220 0.7495708302581359 1.9397208988265562 1.9394870129265853
0.221 0.7495630752787786 1.9391744553069807 1.9389363816942646
0.222 0.7495552206766352 1.9386256068386865 1.938383290881296
0.223 0.7495472643752654 1.9380743483990002 1.937827735169241
0.224 0.7495392051440526 1.9375206801117055 1.9372697142505677
0.225 0.7495310420048209 1.9369646035182135 1.936709229200432
0.226 0.7495227739499523 1.9364061200681393 1.936146281002705
0.227 0.7495143999456297 1.9358452311280057 1.9355808705587019
0.228 0.7495059189349751 1.9352819379897297 1.9350129986956959
0.229 0.7494973298410865 1.934716241878902 1.934442666175218
0.230 0.7494886315699687 1.9341481439628412 1.9338698737011335
0.231 0.7494798230133589 1.9335776453584372 1.933294621927496
0.232 0.7494709030514451 1.9330047471397687 1.9327169114661822
0.233 0.7494618705554779 1.932429450345499 1.9321367428942944
0.234 0.7494527243902732 1.9318517559860524 1.9315541167613426
0.235 0.7494434634166096 1.9312716650505628 1.930969033596197
0.236 0.7494340864935088 1.9306891785135878 1.9303814939137998
0.237 0.7494245924804139 1.930104297341607 1.9297914982216602
0.238 0.7494149802392513 1.92951702249928 1.9291990470261038
0.239 0.7494052486363844 1.9289273549554782 1.928604140838294
0.240 0.7493953965444523 1.9283352956890816 1.9280067801800134
0.241 0.7493854228440981 1.9277408456945404 1.9274069655892077
0.242 0.7493753264255834 1.9271440059872038 1.9268046976252928
0.243 0.7493651061902876 1.9265447776084088 1.9261999768742186
0.244 0.7493547610520962 1.9259431616303353 1.9255928039532948
0.245 0.7493442899386722 1.92533915916062 1.9249831795157737
0.246 0.7493336917926131 1.9247327713467293 1.9243711042551856
0.247 0.749322965572492 1.9241239993800916 1.9237565789094344
0.248 0.7493121102537859 1.9235128444999943 1.923139604264649
0.249 0.7493011248296849 1.9228993079972294 1.9225201811587844
0.250 0.7492900083117869 1.922283391217501 1.9218983104849787
0.251 0.7492787597306756 1.921665095564587 1.921273993194661
0.252 0.7492673781363839 1.9210444225032621 1.9206472303004176
0.253 0.7492558625987363 1.9204213735619644 1.9200180228785988
0.254 0.7492442122075801 1.919795950335228 1.9193863720716862
0.255 0.7492324260728946 1.9191681544858628 1.918752279090406
0.256 0.7492205033247884 1.918537987746891 1.9181157452155937
0.257 0.7492084431133756 1.9179054519232364 1.9174767717998087
0.258 0.749196244608538 1.9172705488931647 1.916835360268698
0.259 0.7491839069995692 1.916633280609482 1.916191512122111
0.260 0.749171429494702 1.915993649100477 1.915545228934959
0.261 0.7491588113205211 1.9153516564706285 1.9148965123578328
0.262 0.7491460517212569 1.9147073049010541 1.9142453641173596
0.263 0.7491331499579644 1.9140605966497173 1.913591786016317
0.264 0.7491201053075865 1.913411534051387 1.9129357799334918
0.265 0.7491069170619007 1.9127601195173483 1.91227734782329
0.266 0.7490935845263507 1.9121063555348683 1.911616491715098
0.267 0.7490801070187636 1.9114502446664154 1.9109532137123932
0.268 0.7490664838679527 1.9107917895486337 1.9102875159916066
0.269 0.7490527144122026 1.9101309928910641 1.9096194008007303
0.270 0.7490387979976464 1.909467857474634 1.9089488704576885
0.271 0.749024733976523 1.908802386149887 1.9082759273484473
0.272 0.7490105217053279 1.9081345818349842 1.907600573924891
0.273 0.7489961605428441 1.9074644475134437 1.9069228127024354
0.274 0.7489816498480706 1.9067919862316582 1.9062426462574167
0.275 0.7489669889780298 1.9061172010961522 1.9055600772242127
0.276 0.7489521772854725 1.905440095270611 1.9048751082921407
0.277 0.7489372133213016 1.904760667719442 1.9041877380367114
0.278 0.7489220949517652 1.9040789147230386 1.9034979623836898
0.279 0.7489068210688955 1.903394838733913 1.9028057832888658
0.280 0.7488913905467187 1.9027084421747957 1.9021112026781066
0.281 0.7488758022314765 1.902019727374095 1.9014142223844508
0.282 0.7488600549448519 1.9013286965746659 1.900714844156912
0.283 0.7488441474870876 1.9006353519423733 1.900013069669074
0.284 0.7488280786400041 1.899939695574449 1.899308900527475
0.285 0.7488118471699108 1.8992417295076356 1.898602338279777
0.286 0.7487954518304107 1.8985414557261242 1.8978933844227228
0.287 0.748778891365103 1.8978388761692808 1.8971820404098818
0.288 0.748762164510172 1.8971339927391504 1.8964683076591655
0.289 0.7487452699968732 1.8964268073077541 1.895752187560136
0.290 0.7487282065539088 1.8957173217241665 1.8950336814810882
0.291 0.7487109729096925 1.8950055378213673 1.894312790775904
0.292 0.7486935677945056 1.8942914574228806 1.893589516790692
0.293 0.7486759899425426 1.8935750823491877 1.8928638608701926
0.294 0.7486582380938431 1.8928564144239157 1.8921358243639583
0.295 0.7486403109961146 1.892135455479803 1.8914054086323073
0.296 0.7486222074064399 1.8914122073644348 1.8906726150520408
0.297 0.7486039260928745 1.8906866719457582 1.8899374450219388
0.298 0.7485854658359269 1.8899588511173568 1.8891998999680104
0.299 0.7485668254299283 1.8892287468035094 1.8884599813485219
0.300 0.7485480036842854 1.8884963609640042 1.8877176906587818
0.301 0.7485289994246203 1.8877616955987289 1.8869730294356928
0.302 0.7485098114937937 1.8870247527520285 1.8862259992620707
0.303 0.7484904387528141 1.886285534516822 1.8854766017707156
0.304 0.7484708800816302 1.8855440430384913 1.884724838648256
0.305 0.7484511343798078 1.8848002805185309 1.8839707116387434
0.306 0.7484312005670909 1.8840542492179622 1.8832142225470136
0.307 0.7484110775838465 1.8833059514605128 1.8824553732418057
0.308 0.7483907643913918 1.8825553896355531 1.8816941656586348
0.309 0.7483702599722073 1.8818025662008027 1.880930601802432
0.310 0.7483495633300294 1.8810474836847877 1.880164683749931
0.311 0.7483286734898321 1.8802901446890723 1.8793964136518246
0.312 0.7483075894976852 1.8795305518902368 1.878625793734663
0.313 0.748286310420502 1.8787687080416282 1.8778528263025236
0.314 0.7482648353456661 1.8780046159748616 1.8770775137384264
0.315 0.7482431633805449 1.8772382786010902 1.8762998585055108
0.316 0.7482212936518843 1.8764696989120262 1.8755198631479681
0.317 0.7481992253050893 1.8756988799807295 1.8747375302917284
0.318 0.7481769575033868 1.8749258249621499 1.8739528626449042
0.319 0.7481544894268732 1.8741505370934326 1.8731658629979895
0.320 0.748131820271449 1.8733730196939842 1.8723765342238199
0.321 0.7481089492476339 1.8725932761652966 1.8715848792772825
0.322 0.7480858755792703 1.871811309990531 1.8707909011947854
0.323 0.7480625985021113 1.8710271247338657 1.8699946030934878
0.324 0.7480391172622942 1.8702407240396015 1.8691959881702802
0.325 0.7480154311147026 1.869452111631033 1.868395059700533
0.326 0.747991539321211 1.8686612913090739 1.8675918210365918
0.327 0.7479674411488213 1.8678682669506537 1.8667862756060412
0.328 0.7479431358676845 1.8670730425068722 1.8659784269097228
0.329 0.7479186227490121 1.86627562200092 1.8651682785195198
0.330 0.7478939010628756 1.8654760095257596 1.864355834075894
0.331 0.7478689700684422 1.864674209198206 1.8635410972426412
0.332 0.7478438277702393 1.86387021828828 1.8627240649592502
0.333 0.747818472216847 1.8630640356215573 1.8619047356680831
0.334 0.7477929022214784 1.8622556648050885 1.8610831124977383
0.335 0.7477671165670776 1.8614451093378812 1.8602591984711199
0.336 0.7477411140096532 1.860632372619904 1.859432996514494
0.337 0.7477148932815083 1.8598174579608973 1.858604509466347
0.338 0.7476884530943693 1.8590003685889869 1.857773740086045
0.339 0.7476617921424116 1.8581811076591073 1.8569406910622948
0.340 0.7476349091051782 1.8573596782612125 1.856105365021394
0.341 0.7476078026503957 1.8565360834282996 1.8552677645352849
0.342 0.747580471436683 1.855710326144218 1.8544278921293935
0.343 0.7475529141161542 1.854882409351285 1.8535857502902684
0.344 0.747525129336911 1.8540523359576804 1.8527413414729956
0.345 0.7474971157454293 1.8532201088446452 1.8518946681084154
0.346 0.7474688719888362 1.8523857308734641 1.851045732610114
0.347 0.7474403967170755 1.8515492048922377 1.8501945373812045
0.348 0.7474116885849653 1.8507105337424432 1.8493410848208922
0.349 0.7473827462541416 1.849869720265277 1.848485377330816
0.350 0.747353568394892 1.8490267673077827 1.8476274173211724
0.351 0.7473241536878776 1.8481816777287672 1.8467672072166201
0.352 0.7472945008257402 1.847334454404487 1.845904749461957
0.353 0.7472646085145985 1.8464851002341265 1.8450400465275778
0.354 0.7472344754754285 1.8456336181450474 1.8441731009147033
0.355 0.7472041004453317 1.84478001109782 1.8433039151603852
0.356 0.7471734821786871 1.8439242820910273 1.8424324918422805
0.357 0.7471426194481908 1.843066434165853 1.8415588335832045
0.358 0.7471115110457783 1.8422064704104355 1.8406829430554466
0.359 0.7470801557834319 1.841344393964 1.8398048229848585
0.360 0.7470485524938727 1.8404802080207645 1.8389244761547145
0.361 0.7470167000311378 1.8396139158336189 1.838041905409337
0.362 0.7469845972710406 1.8387455207175731 1.8371571136574913
0.363 0.7469522431115131 1.8378750260529768 1.8362701038755438
0.364 0.7469196364728369 1.8370024352885153 1.8353808791103936
0.365 0.7468867762977521 1.8361277519439656 1.8344894424821616
0.366 0.7468536615514546 1.835250979612733 1.8335957971866532
0.367 0.7468202912214729 1.834372121964147 1.832699946497578
0.368 0.746786664317433 1.8334911827455334 1.8318018937685414
0.369 0.7467527798707043 1.8326081657840543 1.8309016424348
0.370 0.7467186369339281 1.831723074988309 1.829999196014771
0.371 0.7466842345804336 1.8308359143497146 1.8290945581113227
0.372 0.7466495719035354 1.8299466879436426 1.8281877324128137
0.373 0.7466146480157162 1.8290553999303365 1.8272787226939073
0.374 0.7465794620476949 1.8281620545555866 1.8263675328161428
0.375 0.7465440131473765 1.8272666561511768 1.8254541667282729
0.376 0.7465083004786904 1.8263692091350996 1.8245386284663652
0.377 0.7464723232203142 1.8254697180115433 1.8236209221536748
0.378 0.746436080564279 1.8245681873706399 1.822701052000268
0.379 0.7463995717144665 1.8236646218879873 1.821779022302424
0.380 0.7463627958849889 1.8227590263239417 1.8208548374417963
0.381 0.7463257522984568 1.8218514055226742 1.8199285018843394
0.382 0.7462884401841356 1.820941764411004 1.8190000201790055
0.383 0.74625085877599 1.8200301079969985 1.818069396956206
0.384 0.7462130073106142 1.8191164413683434 1.81713663692604
0.385 0.7461748850250567 1.8182007696904905 1.8162017448762944
0.386 0.7461364911497772 1.8172830981763015 1.815264725642371
0.387 0.7460978236291433 1.816363424861954 1.8143255769864033
0.388 0.7460588803979054 1.815441749138855 1.81338429798336
0.389 0.7460196602404778 1.8145180758171173 1.8124408930406977
0.390 0.7459801619110593 1.8135924095917653 1.8114953664538564
0.391 0.7459403841369981 1.8126647550517423 1.8105477224153415
0.392 0.745900325622054 1.8117351166887279 1.8095979650236038
0.393 0.7458599850495586 1.8108034989057717 1.8086460982917412
0.394 0.745819361085475 1.8098699060257468 1.807692126156006
0.395 0.7457784523813498 1.8089343422996034 1.8067360524841152
0.396 0.7457372575771638 1.8079968119144396 1.8057778810833711
0.397 0.7456957753040756 1.8070573190013781 1.8048176157085822
0.398 0.7456540041870594 1.8061158676432467 1.8038552600697848
0.399 0.7456119428474338 1.8051724618820613 1.8028908178397638
0.400 0.7455695899052877 1.804227105726318 1.8019242926613748
0.401 0.7455269439817904 1.803279803158075 1.8009556881546556
0.402 0.7454840037013992 1.8023305581398439 1.799985007923738
0.403 0.7454407676939524 1.801379374621269 1.7990122555635482
0.404 0.7453972345966542 1.80042625654561 1.7980374346663006
0.405 0.7453534030559478 1.7994712078560144 1.7970605488277818
0.406 0.7453092717292763 1.7985142325015857 1.7960816016534213
0.407 0.7452648392867326 1.7975553344432393 1.7951005967641498
0.408 0.745220104412595 1.7965945176593545 1.7941175378020442
0.409 0.7451750658067515 1.7956317861512128 1.7931324284357575
0.410 0.7451297221860088 1.7946671439482218 1.79214527236573
0.411 0.7450840722852894 1.7937005951129332 1.7911560733291876
0.412 0.7450381148587115 1.7927321437458388 1.7901648351049135
0.413 0.7449918486805582 1.7917617939899575 1.7891715615178116
0.414 0.744945272546127 1.7907895500352031 1.7881762564432357
0.415 0.7448983852724704 1.7898154161225408 1.7871789238111149
0.416 0.7448511856990133 1.788839396547913 1.786179567609834
0.417 0.7448036726880635 1.7878614956659686 1.7851781918899183
0.418 0.7447558451251988 1.78688171789355 1.7841748007674691
0.419 0.7447077019195438 1.785900067712979 1.7831693984273937
0.420 0.744659242003928 1.7849165496751103 1.7821619891264002
0.421 0.7446104643349283 1.7839311684021721 1.7811525771957724
0.422 0.7445613678927979 1.7829439285903832 1.7801411670439187
0.423 0.7445119516812742 1.7819548350123458 1.7791277631586904
0.424 0.7444622147272768 1.7809638925192202 1.7781123701094799
0.425 0.7444121560804857 1.7799711060426786 1.7770949925490895
0.426 0.7443617748128053 1.7789764805966302 1.7760756352153728
0.427 0.7443110700177129 1.7779800212787333 1.7750543029326524
0.428 0.7442600408094909 1.7769817332716733 1.774031000612905
0.429 0.7442086863223446 1.7759816218442275 1.7730057332567242
0.430 0.7441570057094065 1.7749796923521053 1.7719785059540574
0.431 0.7441049981416228 1.7739759502385612 1.7709493238847105
0.432 0.7440526628065284 1.7729704010347902 1.7699181923186307
0.433 0.743999998906907 1.7719630503601003 1.7688851166159603
0.434 0.7439470056593378 1.7709539039218583 1.7678501022268651
0.435 0.7438936822926282 1.7699429675152214 1.7668131546911379
0.436 0.7438400280461357 1.7689302470226398 1.7657742796375737
0.437 0.7437860421679761 1.7679157484131438 1.7647334827831238
0.438 0.7437317239131198 1.7668994777414058 1.7636907699318203
0.439 0.7436770725413793 1.765881441146587 1.7626461469734829
0.440 0.7436220873152826 1.7648616448509586 1.7615996198821946
0.441 0.7435667674978395 1.7638400951583089 1.7605511947145625
0.442 0.743511111480714 1.7628167934926535 1.7595008726975487
0.443 0.7434551167861684 1.761791737545316 1.7584486513458548
0.444 0.7433987822130573 1.760764933200179 1.7573945362737713
0.445 0.7433421065542195 1.7597363863661266 1.7563385331225208
0.446 0.7432850885750093 1.7587061028367856 1.7552806474216909
0.447 0.7432277270166092 1.7576740882993018 1.754220884598103
0.448 0.7431700205992484 1.756640348342959 1.7531592499845159
0.449 0.7431119680253109 1.7556048884676028 1.7520957488281321
0.450 0.7430535679823482 1.7545677140919078 1.7510303862989398
0.451 0.7429948191459828 1.7535288305614467 1.749963167497855
0.452 0.7429357201827103 1.7524882431565914 1.7488940974646894
0.453 0.7428762697525951 1.7514459571002248 1.7478231811859253
0.454 0.742816466511859 1.7504019775652675 1.7467504236022975
0.455 0.7427563091153643 1.7493563096820224 1.745675829616193
0.456 0.7426957962189878 1.7483089585453249 1.744599404098847
0.457 0.7426349264818882 1.74725992922151 1.7435211518973546
0.458 0.7425736985686613 1.7462092267551808 1.7424410778414745
0.459 0.7425121111513892 1.7451568561757922 1.7413591867502494
0.460 0.7424501629115766 1.7441028225040327 1.7402754834384124
0.461 0.7423878525419766 1.743047130758014 1.7391899727226017
0.462 0.7423251787483061 1.7419897859592661 1.7381026594273723
0.463 0.7422621402508487 1.7409307931385296 1.737013548391003
0.464 0.7421987357859446 1.7398701573413509 1.7359226444710978
0.465 0.7421349641073685 1.738807883633474 1.7348299525499826
0.466 0.7420708239875944 1.7377439771060375 1.7337354775398994
0.467 0.7420063142189468 1.736678442880561 1.7326392243879858
0.468 0.741941433614636 1.7356112861137292 1.731541198081046
0.469 0.7418761810096836 1.734542512001977 1.730441403650122
0.470 0.7418105552617285 1.733472125785862 1.729339846174841
0.471 0.7417445552517212 1.7324001327542327 1.7282365307875585
0.472 0.7416781798845042 1.731326538248192 1.7271314626772893
0.473 0.7416114280892735 1.7302513476648493 1.7260246470934242
0.474 0.7415442988199279 1.7291745664608664 1.7249160893492297
0.475 0.741476791055303 1.7280962001557907 1.7238057948251408
0.476 0.7414089037992884 1.7270162543351844 1.7226937689718342
0.477 0.74134063608083 1.7259347346535365 1.7215800173130842
0.478 0.7412719869538181 1.7248516468369688 1.7204645454484098
0.479 0.741202955496858 1.7237669966857283 1.7193473590554975
0.480 0.7411335408129276 1.7226807900764713 1.718228463892418
0.481 0.7410637420289181 1.72159303296433 1.7171078657996135
0.482 0.74099355829506 1.7205037313847715 1.7159855707016791
0.483 0.7409229887842359 1.7194128914552456 1.7148615846089232
0.484 0.7408520326911749 1.7183205193766118 1.713735913618707
0.485 0.7407806892315376 1.717226621434369 1.712608563916576
0.486 0.7407089576408814 1.7161312039996541 1.7114795417771644
0.487 0.740636837173517 1.7150342735300454 1.71034885356489
0.488 0.7405643271012476 1.713935836570141 1.7092165057344277
0.489 0.7404914267119971 1.7128358997519317 1.7080825048309696
0.490 0.7404181353083241 1.7117344697949612 1.7069468574902658
0.491 0.7403444522058249 1.7106315535062717 1.7058095704384508
0.492 0.7402703767314237 1.7095271577801416 1.7046706504916562
0.493 0.7401959082215509 1.708421289597608 1.7035301045554008
0.494 0.740121046020212 1.707313956025783 1.702387939623775
0.495 0.7400457894769458 1.706205164216959 1.7012441627784076
0.496 0.739970137944671 1.7050949214074977 1.7000987811872128
0.497 0.7398940905048534 1.7039832333710572 1.6989518005651343
0.498 0.7398176444942527 1.7028700968132515 1.6978032175957938
0.499 0.7397407985110189 1.7017555168854732 1.6966530373517434
0.500 0.7396635514582222 1.700639500614224 1.6955012667728815
0.501 0.7395859022101339 1.699522054899976 1.6943479126768142
0.502 0.7395078496156078 1.698403186525854 1.6931929817676543
0.503 0.7394293925013681 1.697282902166172 1.6920364806446708
0.504 0.7393505296751907 1.696161208394796 1.690878415810758
0.505 0.7392712599289867 1.6950381116933442 1.6897187936807383
0.506 0.7391915820417831 1.6939136184592258 1.6885576205894968
0.507 0.7391114947825982 1.692787735013498 1.6873949027999329
0.508 0.7390309969132137 1.691660467608565 1.6862306465107433
0.509 0.7389500871908425 1.6905318224356964 1.6850648578640244
0.510 0.7388687643706897 1.689401805632372 1.6838975429526921
0.511 0.7387870272084065 1.6882704232894548 1.6827287078277269
0.512 0.7387048744624383 1.6871376814581782 1.6815583585052267
0.513 0.7386223048962643 1.6860035861569658 1.6803865009732877
0.514 0.7385393172805275 1.6848681433780563 1.679213141198685
0.515 0.7384559103950552 1.6837313590939558 1.6780382851333746
0.516 0.738372083030773 1.6825932392637055 1.6768619387208068
0.517 0.7382878339915031 1.6814537898389588 1.6756841079020415
0.518 0.7382031620956566 1.6803130167698779 1.6745047986216812
0.519 0.7381180661778113 1.679170926010841 1.6733240168336052
0.520 0.738032545090179 1.678027523525959 1.6721417685065105
0.521 0.7379465977039602 1.6768828152944044 1.6709580596292595
0.522 0.7378602229105862 1.675736807315548 1.6697728962160288
0.523 0.7377734196228476 1.6745895056139053 1.6685862843112629
0.524 0.7376861867759115 1.6734409162438861 1.6673982299944277
0.525 0.7375985233282218 1.6722910452943558 1.666208739384566
0.526 0.737510428262289 1.6711398988929949 1.665017818644651
0.527 0.7374219005853636 1.669987483210471 1.663825473985742
0.528 0.7373329393299968 1.6688338044644069 1.6626317116709366
0.529 0.7372435435544851 1.6676788689231565 1.6614365380191176
0.530 0.7371537123432024 1.6665226829093795 1.660239959408503
0.531 0.7370634448068158 1.6653652528034224 1.6590419822799887
0.532 0.7369727400823878 1.6642065850464949 1.6578426131402848
0.533 0.7368815973333622 1.6630466861436486 1.656641858564851
0.534 0.7367900157494389 1.6618855626665625 1.655439725200629
0.535 0.7366979945463294 1.660723221256116 1.6542362197685612
0.536 0.7366055329654005 1.6595596686247698 1.653031349065911
0.537 0.7365126302732043 1.6583949115587466 1.6518251199683758
0.538 0.736419285760891 1.6572289569200032 1.6506175394319897
0.539 0.7363254987435106 1.6560618116480095 1.649408614494826
0.540 0.7362312685591988 1.6548934827613222 1.6481983522784893
0.541 0.7361365945682492 1.6537239773589518 1.6469867599893975
0.542 0.7360414761520738 1.652553302621542 1.645773844919869
0.543 0.7359459127120485 1.651381465812331 1.6445596144489902
0.544 0.7358499036682468 1.6502084742779226 1.643344076043285
0.545 0.7357534484580612 1.6490343354488535 1.642127237257176
0.546 0.7356565465347124 1.6478590568399551 1.6409091057332383
0.547 0.7355591973656463 1.6466826460505195 1.6396896892022503
0.548 0.7354614004308213 1.645505110764261 1.6384689954830356
0.549 0.7353631552208848 1.6443264587490827 1.6372470324821065
0.550 0.7352644612352381 1.6431466978566354 1.6360238081930945
0.551 0.7351653179799937 1.6419658360216824 1.634799330695985
0.552 0.7350657249658236 1.640783881261266 1.6335736081561423
0.553 0.734965680511412 1.6396008353407576 1.6323466424838502
0.554 0.7348651823488745 1.6384166982227655 1.6311184337712445
0.555 0.7347642295604837 1.6372314778148487 1.6298889900568294
0.556 0.7346628212031983 1.6360451819172988 1.6286583192752606
0.557 0.7345609563066775 1.6348578182013789 1.6274264292357166
0.558 0.7344586338766491 1.633669394217712 1.6261933276304292
0.559 0.7343558528981774 1.6324799174045186 1.6249590220430514
0.560 0.7342526123388337 1.6312893950957008 1.6237235199568758
0.561 0.7341489111517623 1.6300978345287715 1.6224868287628835
0.562 0.7340447482786469 1.628905242852627 1.6212489557676368
0.563 0.7339401226525739 1.6277116271351602 1.6200099082010064
0.564 0.7338350332007907 1.6265169943707145 1.6187696932237312
0.565 0.7337294788473617 1.625321351487376 1.6175283179348139
0.566 0.7336234585157164 1.6241247053540995 1.6162857893787421
0.567 0.7335169711310943 1.6229270627876713 1.6150421145525446
0.568 0.7334100156228804 1.6217284305595046 1.6137973004126693
0.569 0.7333025909268369 1.6205288154022661 1.6125513538816936
0.570 0.7331946959872224 1.6193282240163334 1.611304281854851
0.571 0.733086329758807 1.61812666307608 1.6100560912063897
0.572 0.7329774912087741 1.6169241392359868 1.6088067887957433
0.573 0.7328681793185172 1.615720659136584 1.6075563814735332
0.574 0.7327583930853216 1.6145162294102122 1.6063048760873782
0.575 0.732648131523939 1.6133108566866103 1.605052279487531
0.576 0.7325373936680498 1.6121045475983256 1.6037985985323284
0.577 0.7324261785716133 1.6108973087859422 1.6025438400934522
0.578 0.7323144853101073 1.6096891469031365 1.601288011061016
0.579 0.7322023129816537 1.6084800686215408 1.6000311183484515
0.580 0.732089660708034 1.6072700806354396 1.5987731688972207
0.581 0.7319765276355896 1.6060591896662677 1.5975141696813293
0.582 0.7318629129360106 1.6048474024669381 1.5962541277116573
0.583 0.7317488158070109 1.6036347258259778 1.5949930500400984
0.584 0.731634235472889 1.6024211665714794 1.593730943763504
0.585 0.731519171184977 1.60120673157487 1.5924678160274446
0.586 0.731403622221975 1.5999914277544935 1.5912036740297728
0.587 0.7312875878901701 1.5987752620789992 1.5899385250239915
0.588 0.7311710675235452 1.5975582415705532 1.5886723763224386
0.589 0.7310540604837703 1.596340373307854 1.587405235299269
0.590 0.7309365661600826 1.5951216644289625 1.5861371093932455
0.591 0.7308185839690509 1.5939021221339418 1.5848680061103373
0.592 0.7307001133542281 1.592681753687311 1.5835979330261223
0.593 0.7305811537856887 1.5914605664203036 1.5823268977879912
0.594 0.730461704759453 1.5902385677329423 1.5810549081171636
0.595 0.7303417657968008 1.5890157650959216 1.5797819718105044
0.596 0.7302213364434663 1.587792166052297 1.5785080967421425
0.597 0.7301004162687265 1.586567778218988 1.5772332908648985
0.598 0.7299790048643731 1.585342609288091 1.5759575622115158
0.599 0.7298571018435741 1.5841166670279976 1.5746809188956954
0.600 0.7297347068396225 1.5828899592843297 1.5734033691129357
0.601 0.7296118195045742 1.581662493980676 1.5721249211411776
0.602 0.729488439507774 1.5804342791191455 1.5708455833412533
0.603 0.7293645665342732 1.5792053227807283 1.5695653641571439
0.604 0.7292402002831337 1.5779756331254675 1.5682842721160384
0.605 0.7291153404656261 1.5767452183924415 1.5670023158282023
0.606 0.7289899868033154 1.5755140868995583 1.5657195039866507
0.607 0.7288641390260409 1.57428224704316 1.5644358453666296
0.608 0.7287377967604435 1.5730497067370364 1.5631513482608992
0.609 0.7286109576624449 1.5718164643859893 1.561866011389018
0.610 0.7284836203745689 1.5705825247577514 1.5605798398629416
0.611 0.7283557842108616 1.5693478962558927 1.5592928424553603
0.612 0.7282274484555668 1.5681125871434993 1.5580050278012516
0.613 0.7280986123665878 1.5668766055513594 1.5567164044062287
0.614 0.7279692751788489 1.565639959486005 1.5554269806547478
0.615 0.7278394361075593 1.5644026568376157 1.5541367648181654
0.616 0.7277090943513771 1.5631647053877766 1.5528457650626484
0.617 0.7275782490954745 1.5619261128170985 1.5515539894569366
0.618 0.7274468995144999 1.5606868867126817 1.5502614459799502
0.619 0.7273150447754405 1.5594470345754448 1.5489681425282464
0.620 0.7271826840403794 1.5582065638272913 1.5476740869233183
0.621 0.727049816469151 1.5569654818181338 1.546379286918738
0.622 0.7269164412218917 1.5557237958327614 1.5450837502071426
0.623 0.7267825574614843 1.554481513097552 1.5437874844270536
0.624 0.7266481643558993 1.553238640787032 1.5424904971695441
0.625 0.7265132610804262 1.5519951860302756 1.5411927959847342
0.626 0.7263778468198012 1.5507511559171467 1.5398943883881264
0.627 0.7262419207702244 1.5495065575043796 1.5385952818667725
0.628 0.7261054821412714 1.5482613978214999 1.537295483885276
0.629 0.7259685301576931 1.5470156838765787 1.5359950018916195
0.630 0.7258310640611096 1.54576942266183 1.5346938433228314
0.631 0.7256930831115922 1.5445226211590346 1.5333920156104743
0.632 0.7255545865891351 1.543275286344805 1.5320895261859617
0.633 0.7254155737950182 1.5420274251956754 1.5307863824857049
0.634 0.7252760440530581 1.5407790446930325 1.5294825919560844
0.635 0.7251359967107465 1.5395301518278672 1.528178162058241
0.636 0.7249954311402798 1.5382807536053642 1.5268731002726998
0.637 0.7248543467394746 1.5370308570493154 1.5255674141038083
0.638 0.7247127429325724 1.5357804692063635 1.524261111084002
0.639 0.7245706191709312 1.534529597150071 1.5229541987778887
0.640 0.7244279749336053 1.5332782479848188 1.521646684786155
0.641 0.7242848097278123 1.5320264288495276 1.520338576749291
0.642 0.7241411230892871 1.5307741469212055 1.5190298823511357
0.643 0.7239969145825231 1.5295214094183198 1.5177206093222397
0.644 0.7238521838009022 1.5282682236039946 1.5164107654430483
0.645 0.7237069303667094 1.5270145967890307 1.5151003585469007
0.646 0.7235611539310361 1.5257605363347464 1.5137893965228457
0.647 0.723414854173571 1.524506049655645 1.5124778873182765
0.648 0.7232680308022772 1.523251144221903 1.5111658389413811
0.649 0.7231206835529574 1.5219958275616796 1.5098532594634093
0.650 0.7229728121887073 1.5207401072632476 1.508540157020755
0.651 0.7228244164992553 1.51948399097695 1.5072265398168576
0.652 0.7226754963001917 1.518227486416972 1.5059124161239135
0.653 0.7225260514320846 1.5169706013629392 1.504597794284411
0.654 0.7223760817594868 1.515713343661334 1.5032826827124737
0.655 0.7222255871698289 1.5144557212267373 1.5019670898950273
0.656 0.7220745675722029 1.5131977420428866 1.5006510243927749
0.657 0.7219230228960358 1.511939414163558 1.4993344948409943
0.658 0.721770953089652 1.5106807457132727 1.4980175099501496
0.659 0.7216183581187271 1.5094217448878178 1.4967000785063176
0.660 0.7214652379646324 1.5081624199545978 1.4953822093714355
0.661 0.7213115926226707 1.5069027792528034 1.4940639114833627
0.662 0.7211574221002042 1.505642831193402 1.49274519385576
0.663 0.7210027264146739 1.504382584258955 1.4914260655777896
0.664 0.7208475051894119 1.5031220451233511 1.490106533910933
0.665 0.7206917560344717 1.5018612117855887 1.4887865973322496
0.666 0.720535478248244 1.5006000912158317 1.4874662633909477
0.667 0.7203786714406535 1.4993386919160736 1.4861455411892464
0.668 0.720221335192273 1.4980770222456476 1.484824439688424
0.669 0.7200634690577811 1.4968150904290076 1.4835029677167868
0.670 0.719905072569327 1.4955529045633864 1.4821811339775093
0.671 0.7197461452397955 1.4942904726263233 1.4808589470563347
0.672 0.7195866865659752 1.4930278024830566 1.4795364154291393
0.673 0.7194266960316262 1.491764901893784 1.478213547469355
0.674 0.7192661731104496 1.4905017785207892 1.4768903514552543
0.675 0.7191051172689539 1.489238439935427 1.4755668355770852
0.676 0.718943527969222 1.4879748936249744 1.474243007944069
0.677 0.7187814046715735 1.486711146999334 1.472918876591244
0.678 0.718618746837125 1.485447207397605 1.471594449486167
0.679 0.7184555539302466 1.4841830820945006 1.4702697345354614
0.680 0.718291825420913 1.4829187783066282 1.4689447395912145
0.681 0.7181275607869494 1.481654303198619 1.4676194724572258
0.682 0.7179627595161724 1.48038966388911 1.4662939408950937
0.683 0.7177974211084226 1.4791248674565773 1.4649681526301546
0.684 0.7176315450774917 1.4778599209450207 1.4636421153572607
0.685 0.7174651309529418 1.476594831369494 1.4623158367464035
0.686 0.7172981782818153 1.475329605721484 1.460989324448172
0.687 0.7171306866302378 1.4740642509741337 1.4596625860990577
0.688 0.7169626555849116 1.4727987740873156 1.4583356293265957
0.689 0.7167940847544985 1.471533182012541 1.4570084617543408
0.690 0.7166249737708947 1.4702674816977188 1.4556810910066833
0.691 0.7164553222903951 1.469001680091754 1.4543535247135009
0.692 0.7162851299947457 1.4677357841489869 1.453025770514643
0.693 0.7161143965920876 1.466469800833472 1.4516978360642512
0.694 0.7159431218177887 1.4652037371231001 1.4503697290349113
0.695 0.7157713054351643 1.4639376000135529 1.4490414571216386
0.696 0.7155989472360875 1.4626713965221019 1.447713028045697
0.697 0.7154260470414868 1.4614051336912395 1.4463844495582432
0.698 0.7152526047017329 1.4601388185921516 1.4450557294438104
0.699 0.7150786200969139 1.458872458328021 1.4437268755236132
0.700 0.7149040931369992 1.4576060600371714 1.4423978956586871
0.701 0.7147290237618906 1.4563396308960435 1.4410687977528571
0.702 0.7145534119413637 1.4550731781220072 1.4397395897555327
0.703 0.7143772576748946 1.453806708976007 1.4384102796643314
0.704 0.7142005609913791 1.452540230765043 1.4370808755275335
0.705 0.7140233219487375 1.4512737508444835 1.43575138544636
0.706 0.7138455406334092 1.4500072766202128 1.4344218175770806
0.707 0.7136672171597366 1.4487408155506123 1.433092180132951
0.708 0.7134883516692376 1.4474743751483743 1.4317624813859746
0.709 0.7133089443297682 1.4462079629821472 1.4304327296684902
0.710 0.7131289953345734 1.4449415866780158 1.4291029333745915
0.711 0.7129485049012306 1.4436752539208149 1.4277731009613714
0.712 0.712767473270481 1.442408972455274 1.4264432409499932
0.713 0.7125859007049518 1.4411427500869949 1.4251133619265905
0.714 0.7124037874877729 1.4398765946832668 1.4237834725429939
0.715 0.7122211339210807 1.4386105141737082 1.4224535815172876
0.716 0.712037940324416 1.4373445165507466 1.421123697634191
0.717 0.711854207033016 1.4360786098699334 1.4197938297452746
0.718 0.711669934395996 1.4348128022500868 1.4184639867689945
0.719 0.7114851227744284 1.4335471018732782 1.4171341776905735
0.720 0.7112997718370841 1.4322815140215375 1.415804408547805
0.721 0.7111138794509467 1.4310160371614808 1.4144746784417916
0.722 0.7109274454337218 1.4297506788636432 1.413144995728437
0.723 0.7107404697520465 1.4284854473478719 1.4118153694265174
0.724 0.710552952343142 1.4272203506907903 1.4104858084119305
0.725 0.7103648931182753 1.4259553968331482 1.409156321425249
0.726 0.7101762919661274 1.424690593587051 1.4078269170791495
0.727 0.7099871487560652 1.4234259486430747 1.4064976038657142
0.728 0.7097974633413162 1.4221614695772522 1.4051683901636034
0.729 0.7096072355620446 1.4208971638579362 1.4038392842450986
0.730 0.7094164652483314 1.4196330388525453 1.4025102942830188
0.731 0.7092251522230503 1.41836910183417 1.401181428357492
0.732 0.7090332963046473 1.4171053599880588 1.399852694462604
0.733 0.708840897309817 1.4158418204179717 1.3985241005129008
0.734 0.7086479550560782 1.4145784901524023 1.3971956543497615
0.735 0.708454469364244 1.4133153761506634 1.3958673637476222
0.736 0.7082604400607936 1.4120524853088452 1.3945392364200702
0.737 0.7080658669801336 1.4107898244656296 1.3932112800257825
0.738 0.7078707499667614 1.4095274004079732 1.3918835021743339
0.739 0.7076750888773181 1.408265219876648 1.3905559104318497
0.740 0.7074788835825383 1.407003289571646 1.3892285123265191
0.741 0.7072821339690926 1.4057416161574383 1.387901315353957
0.742 0.7070848399413243 1.4044802062680977 1.386574326982419
0.743 0.7068870014228774 1.4032190665122726 1.3852475546578669
0.744 0.7066886183582184 1.4019582034780216 1.3839210058088838
0.745 0.7064896907140489 1.400697623737501 1.382594687851436
0.746 0.7062902184806101 1.3994373338515045 1.3812686081934835
0.747 0.7060902016728796 1.3981773403738593 1.3799427742394372
0.748 0.7058896403316568 1.3969176498556726 1.3786171933944615
0.749 0.7056885345245411 1.3956582688494292 1.377291873068621
0.750 0.7054868843467997 1.3943992039129407 1.3759668206808728
0.751 0.7052846899221259 1.393140461613144 1.374642043662901
0.752 0.7050819514032864 1.3918820485297483 1.3733175494627936
0.753 0.7048786689726607 1.3906239712587334 1.371993345548564
0.754 0.7046748428426675 1.389366236415693 1.37066943941151
0.755 0.7044704732560834 1.3881088506390262 1.3693458385694188
0.756 0.7042655604862493 1.3868518205929758 1.3680225505696066
0.757 0.7040601048371686 1.3855951529705182 1.3666995829918063
0.758 0.7038541066434922 1.3843388544960862 1.3653769434508845
0.759 0.7036475662703963 1.3830829319281546 1.3640546395994084
0.760 0.7034404841133477 1.381827392061658 1.362732679130046
0.761 0.7032328605977608 1.3805722417302595 1.3614110697778055
0.762 0.7030246961785431 1.3793174878084642 1.3600898193221158
0.763 0.7028159913395324 1.3780631372135739 1.3587689355887425
0.764 0.7026067465928234 1.3768091969074918 1.3574484264515456
0.765 0.7023969624779853 1.3755556738983665 1.3561282998340745
0.766 0.7021866395611718 1.3743025752420839 1.3548085637109997
0.767 0.7019757784341194 1.3730499080436007 1.3534892261093852
0.768 0.7017643797130404 1.3717976794581253 1.352170295109799
0.769 0.7015524440374069 1.3705458966921413 1.3508517788472627
0.770 0.7013399720686262 1.3692945670042742 1.3495336855120383
0.771 0.7011269644886101 1.3680436977060073 1.3482160233502563
0.772 0.7009134219982381 1.3667932961622395 1.3468988006643827
0.773 0.7006993453157122 1.365543369791685 1.3455820258135245
0.774 0.7004847351748098 1.3642939260671296 1.3442657072135784
0.775 0.7002695923230269 1.3630449725155176 1.3429498533372157
0.776 0.7000539166413944 1.3617965134092707 1.341634469335625
0.777 0.6998377063281689 1.360548547425092 1.3403195546429143
0.778 0.6996209616549228 1.3593010817803517 1.3390051174094515
0.779 0.6994036829919776 1.3580541240624 1.3376911661649027
0.780 0.6991858706796482 1.356807681717124 1.336377709296266
0.781 0.6989675250317101 1.3555617620558311 1.3350647550549701
0.782 0.698748646338771 1.3543163722620197 1.333752311563853
0.783 0.6985292348715506 1.353071519398044 1.332440386824029
0.784 0.6983092908840615 1.3518272104116613 1.3311289887216309
0.785 0.698088814616696 1.3505834521424678 1.3298181250344334
0.786 0.6978678062992154 1.349340251328217 1.3285078034383573
0.787 0.6976462661536398 1.3480976146110233 1.327198031513844
0.788 0.6974241943970396 1.3468555485434388 1.3258888167521063
0.789 0.6972015912442284 1.3456140595944206 1.3245801665612547
0.790 0.696978456910353 1.3443731541551664 1.3232720882722906
0.791 0.6967547916133847 1.3431328385448333 1.3219645891449754
0.792 0.6965305955765073 1.3418931190161296 1.320657676373562
0.793 0.696305869030402 1.3406540017607784 1.3193513570923967
0.794 0.6960806122154307 1.3394154929148576 1.318045638381387
0.795 0.6958548253837151 1.3381775985640108 1.3167405272713362
0.796 0.6956285088011107 1.336940324748527 1.3154360307491366
0.797 0.6954016627490761 1.3357036774682907 1.31413215576283
0.798 0.6951742875264385 1.334467662687602 1.3128289092265286
0.799 0.6949463834510512 1.3332322863398596 1.3115262980251936
0.800 0.6947179508613465 1.3319975543321143 1.3102243290192772
0.801 0.6944889901177816 1.3307634725494863 1.308923009049221
0.802 0.6942595016041778 1.329530046859448 1.307622344939812
0.803 0.6940294857289506 1.3282972831159652 1.306322343504395
0.804 0.6937989429262356 1.3270651871635106 1.3050230115489438
0.805 0.6935678736569029 1.3258337648409297 1.3037243558759821
0.806 0.6933362784094669 1.3246030219851759 1.3024263832883667
0.807 0.6931041577008843 1.3233729644348977 1.3011291005929149
0.808 0.6928715120772462 1.322143598033894 1.2998325146038943
0.809 0.6926383421143608 1.320914928634425 1.298536632146358
0.810 0.6924046484182274 1.3196869621003815 1.2972414600593385
0.811 0.6921704316254005 1.3184597043103126 1.2959470051988857
0.812 0.6919356924032474 1.317233161160312 1.2946532744409631
0.813 0.6917004314500944 1.3160073385667617 1.2933602746841888
0.814 0.691464649495267 1.3147822424689333 1.2920680128524331
0.815 0.6912283472990173 1.3135578788314426 1.2907764958972603
0.816 0.6909915256523469 1.3123342536465645 1.289485730800223
0.817 0.6907541853767187 1.3111113729364017 1.288195724575007
0.818 0.6905163273236609 1.3098892427549107 1.2869064842694244
0.819 0.6902779523742623 1.3086678691897808 1.2856180169672546
0.820 0.6900390614385601 1.3074472583641723 1.2843303297899378
0.821 0.6897996554548202 1.3062274164383072 1.2830434298981148
0.822 0.6895597353887083 1.3050083496109166 1.2817573244930185
0.823 0.6893193022323559 1.3037900641205438 1.2804720208177125
0.824 0.6890783570033173 1.3025725662467014 1.2791875261581804
0.825 0.6888369007434216 1.3013558623108852 1.277903847844264
0.826 0.6885949345175177 1.3001399586774443 1.2766209932504524
0.827 0.6883524594121135 1.298924861754303 1.2753389697965183
0.828 0.6881094765339112 1.2977105779935467 1.2740577849480101
0.829 0.6878659870082352 1.2964971138918542 1.2727774462165875
0.830 0.6876219919773578 1.295284475990794 1.2714979611602129
0.831 0.6873774925987214 1.2940726708769739 1.2702193373831934
0.832 0.6871324891721351 1.2928617022833806 1.2689415795705044
0.833 0.686886980187799 1.291651568553 1.2676646868895491
0.834 0.6866409663242976 1.2904422759571759 1.2663886666158892
0.835 0.6863944483827034 1.2892338311668294 1.265113526434139
0.836 0.6861474271329766 1.2880262407159686 1.263839273889276
0.837 0.6858999033174311 1.2868195110080798 1.2625659163932499
0.838 0.685651877654109 1.2856136483224148 1.2612934612314861
0.839 0.6854033508400614 1.284408658820178 1.2600219155692791
0.840 0.6851543235545376 1.2832045485506096 1.2587512864580772
0.841 0.684904796462076 1.2820013234569618 1.2574815808416502
0.842 0.6846547702155023 1.2807989893823672 1.2562128055621486
0.843 0.684404245458829 1.2795975520755998 1.254944967366042
0.844 0.6841532228300592 1.278397017196724 1.2536780729099437
0.845 0.6839017029638907 1.277197390322634 1.252412128766315
0.846 0.6836496864943222 1.275998676952479 1.2511471414290516
0.847 0.6833971740571602 1.2748008825129753 1.2498831173189466
0.848 0.6831441662924238 1.273604012363599 1.2486200627890307
0.849 0.6828906638466512 1.2724080718016686 1.2473579841297928
0.850 0.6826366673751025 1.2712130660673044 1.24609688757427
0.851 0.6823821775438614 1.2700190003482703 1.2448367793030157
0.852 0.6821271950318339 1.2688258797846954 1.2435776654489383
0.853 0.6818717205326436 1.267633709473676 1.2423195521020123
0.854 0.6816157547564241 1.2664424944737538 1.2410624453138612
0.855 0.6813592984315068 1.265252239809271 1.239806351102208
0.856 0.6811023523060028 1.2640629504745993 1.238551275455194
0.857 0.6808449171492827 1.2628746314382515 1.2372972243355709
0.858 0.6805869937533484 1.2616872876468563 1.2360442036847523
0.859 0.6803285829341005 1.2605009240290164 1.2347922194267373
0.860 0.680069685532499 1.2593155454990312 1.2335412774718968
0.861 0.6798103024156188 1.2581311569604985 1.2322913837206246
0.862 0.6795504344775982 1.2569477633097805 1.231042544066855
0.863 0.6792900826404795 1.2557653694393478 1.22979476440144
0.864 0.6790292478549453 1.2545839802409846 1.2285480506153927
0.865 0.6787679311009451 1.2534036006088718 1.2273024086029922
0.866 0.6785061333882163 1.2522242354425328 1.2260578442647483
0.867 0.6782438557566981 1.251045889649652 1.224814363510232
0.868 0.6779810992768373 1.2498685681487567 1.2235719722607614
0.869 0.6777178650497866 1.2486922758717702 1.222330676451953
0.870 0.6774541542074972 1.2475170177664308 1.22109048203613
0.871 0.6771899679127034 1.2463427987985796 1.2198513949845944
0.872 0.6769253073587984 1.2451696239543089 1.2186134212897555
0.873 0.6766601737696052 1.243997498241984 1.2173765669671168
0.874 0.6763945683990408 1.2428264266941282 1.2161408380571292
0.875 0.6761284925306708 1.2416564143691717 1.2149062406268953
0.876 0.6758619474771612 1.2404874663530703 1.2136727807717382
0.877 0.6755949345796214 1.2393195877607877 1.21244046461663
0.878 0.6753274552068413 1.2381527837376431 1.2112092983174754
0.879 0.6750595107544237 1.236987059460526 1.209979288062257
0.880 0.6747911026438109 1.2358224201389754 1.2087504400720435
0.881 0.6745222323212059 1.2346588710161281 1.2075227606018526
0.882 0.6742529012563885 1.2334964173695262 1.206296255941374
0.883 0.6739831109414292 1.2323350645118003 1.2050709324155582
0.884 0.6737128628892963 1.2311748177912114 1.20384679638506
0.885 0.6734421586323622 1.230015682592061 1.202623854246544
0.886 0.673170999720806 1.228857664334973 1.201402112432853
0.887 0.6728993877209124 1.2277007684770362 1.2001815774130375
0.888 0.6726273235108664 1.2265449984677224 1.1989622536019806
0.889 0.6723548058392879 1.225390352049204 1.1977441395755082
0.890 0.6720818357134313 1.2242368341283105 1.1965272412327592
0.891 0.6718084143665417 1.2230844502673155 1.1953115651418829
0.892 0.6715345429991696 1.2219332058990644 1.1940971177376194
0.893 0.671260222782631 1.2207831063328607 1.192883905327406
0.894 0.6709854548623767 1.2196341567602493 1.1916719340973763
0.895 0.6707102403612736 1.2184863622607165 1.190461210118267
0.896 0.6704345803827874 1.2173397278072804 1.1892517393512092
0.897 0.6701584760140793 1.2161942582719956 1.1880435276534262
0.898 0.669881928329003 1.215049958431346 1.1868365807838144
0.899 0.6696049383910103 1.2139068329715486 1.1856309044084226
0.900 0.6693275072559591 1.2127648864937441 1.1844265041058195
0.901 0.6690496359748266 1.2116241235190925 1.1832233853723517
0.902 0.6687713255963227 1.2104845484937568 1.1820215536272844
0.903 0.6684925771694092 1.2093461657937856 1.180821014217837
0.904 0.6682133917457174 1.208208979729886 1.1796217724240965
0.905 0.6679337703818669 1.2070729945520886 1.1784238334638195
0.906 0.6676537141416864 1.2059382144543012 1.1772272024971144
0.907 0.667373224098333 1.2048046435787563 1.1760318846310103
0.908 0.6670923013363087 1.2036722860203404 1.174837884923898
0.909 0.6668109469533785 1.2025411458308173 1.1736452083898623
0.910 0.6665291620623851 1.2014112270229316 1.172453860002881
0.911 0.6662469477929607 1.2002825335744036 1.1712638447009145
0.912 0.6659643052931365 1.199155069431804 1.1700751673898617
0.913 0.665681235730849 1.1980288385143134 1.1688878329473975
0.914 0.6653977402953425 1.1969038447173674 1.1677018462266866
0.915 0.6651138201984672 1.195780091916181 1.166517212059968
0.916 0.6648294766758742 1.1946575839691551 1.1653339352620184
0.917 0.6645447109881046 1.193536324721165 1.1641520206334852
0.918 0.6642595244215748 1.192416318006728 1.1629714729640939
0.919 0.6639739182894557 1.1912975676530493 1.1617922970357268
0.920 0.6636878939324485 1.190180077482951 1.1606144976253754
0.921 0.6634014527194529 1.1890638513176743 1.1594380795079613
0.922 0.6631145960481324 1.1879488929795654 1.1582630474590303
0.923 0.6628273253453714 1.1868352062946332 1.1570894062573136
0.924 0.6625396420676284 1.185722795094988 1.1559171606871628
0.925 0.6622515477011839 1.184611663221156 1.1547463155408517
0.926 0.6619630437622809 1.1835018145242713 1.1535768756207494
0.927 0.6616741317971621 1.182393252868141 1.1524088457413595
0.928 0.6613848133819987 1.1812859821311883 1.151242230731232
0.929 0.6610950901227179 1.1801800062082755 1.1500770354347414
0.930 0.6608049636547204 1.1790753290123923 1.1489132647137346
0.931 0.660514435642497 1.1779719544762308 1.147750923449046
0.932 0.660223507779137 1.1768698865536278 1.1465900165418832
0.933 0.6599321817857338 1.1757691292208867 1.1454305489150793
0.934 0.6596404594106866 1.1746696864779735 1.1442725255142157
0.935 0.6593483424288957 1.173571562349588 1.1431159513086118
0.936 0.6590558326408558 1.1724747608861095 1.1419608312921845
0.937 0.6587629318716447 1.1713792861644206 1.1408071704841767
0.938 0.6584696419698113 1.1702851422886051 1.1396549739297561
0.939 0.658175964806156 1.1691923333905194 1.1385042467004802
0.940 0.6578819022724152 1.1681008636302463 1.137354993894637
0.941 0.6575874562798387 1.1670107371964173 1.1362072206374485
0.942 0.657292628757669 1.165921958306419 1.1350609320811524
0.943 0.656997421651518 1.1648345312064703 1.133916133404949
0.944 0.6567018364766832 1.1637484590514326 1.1327728286740357
0.945 0.6564058722867292 1.1626637391450647 1.1316310159915426
0.946 0.6561095302739856 1.1615803747189044 1.1304906994940944
0.947 0.6558128120755045 1.1604983701377314 1.1293518844697121
0.948 0.6555157192936635 1.1594177296471122 1.1282145760824616
0.949 0.6552182534996106 1.1583384573787696 1.1270787793780392
0.950 0.6549204162366224 1.1572605573558676 1.125944499289268
0.951 0.6546222090233697 1.1561840334982039 1.124811740641491
0.952 0.654323633357095 1.155108889627314 1.1236805081578716
0.953 0.654024690716698 1.1540351294714832 1.122550806464592
0.954 0.6537253825657281 1.1529627566706657 1.1214226400959542
0.955 0.6534257103552847 1.151891774781308 1.1202960134993747
0.956 0.6531256755268232 1.1508221872810789 1.1191709310402804
0.957 0.6528252795148659 1.1497539975734996 1.118047397006898
0.958 0.6525245237496184 1.1486872089924791 1.116925415614936
0.959 0.6522234096594897 1.1476218248067485 1.1158049910121641
0.960 0.6519219386735142 1.146557848224193 1.1146861272828805
0.961 0.651620112223678 1.1454952823960878 1.113568828452272
0.962 0.6513179317471467 1.1444341304212262 1.1124530984906642
0.963 0.6510153986883931 1.1433743953499471 1.111338941317659
0.964 0.6507125145012284 1.1423160801880576 1.110226360806162
0.965 0.6504092806507307 1.1412591879006506 1.109115360786295
0.966 0.6501056986150759 1.1402037214158136 1.1080059450491944
0.967 0.649801769887266 1.139149683628235 1.1068981173506969
0.968 0.6494974959767572 1.138097077402699 1.1057918814149075
0.969 0.6491928784109872 1.1370459055774735 1.1046872409376516
0.970 0.6488879187367981 1.1359961709675859 1.1035841995898092
0.971 0.6485826185217605 1.1349478763679948 1.1024827610205334
0.972 0.6482769793553925 1.1339010245566437 1.1013829288603487
0.973 0.647971002850277 1.1328556182974086 1.100284706724129
0.974 0.6476646906430755 1.1318116603429318 1.0991880982139595
0.975 0.6473580443954395 1.1307691534373427 1.0980931069218747
0.976 0.647051065794817 1.1297281003188662 1.096999736432478
0.977 0.6467437565551575 1.1286885037223198 1.0959079903254394
0.978 0.6464361184175107 1.127650366381491 1.0948178721778716
0.979 0.6461281531505239 1.1266136910314068 1.0937293855665835
0.980 0.6458198625508336 1.1255784804104862 1.0926425340702142
0.981 0.6455112484433552 1.1245447372625752 1.0915573212712406
0.982 0.6452023126814664 1.1235124643388716 1.0904737507578657
0.983 0.644893057147089 1.1224816643997297 1.0893918261257818
0.984 0.6445834837506649 1.1214523402163503 1.088311550979811
0.985 0.6442735944310309 1.1204244945723594 1.0872329289354243
0.986 0.6439633911551873 1.1193981302652627 1.086155963620135
0.987 0.6436528759179647 1.1183732501077932 1.0850806586747694
0.988 0.6433420507415872 1.117349856929134 1.0840070177546162
0.989 0.6430309176751328 1.1163279535760318 1.0829350445304498
0.990 0.64271947879389 1.1153075429137898 1.0818647426894321
0.991 0.6424077361986139 1.1142886278271475 1.0807961159358916
0.992 0.642095692014678 1.1132712112210426 1.0797291679919787
0.993 0.6417833483911257 1.1122552960212584 1.078663902598199
0.994 0.6414707074996199 1.1112408851749542 1.0776003235138236
0.995 0.6411577715332903 1.1102279816510803 1.0765384345171776
0.996 0.6408445427054837 1.109216588440682 1.0754782394058096
0.997 0.6405310232484092 1.1082067085570797 1.0744197419965342
0.998 0.6402172154116874 1.1071983450359453 1.0733629461253587
0.999 0.6399031214607994 1.1061915009352543 1.0723078556472867
1.000 0.6395887434833071 1.1051861789216422 1.071254474018764
